461.53846153846155 174.23076923076923 1.0
453.84615384615387 174.23076923076923 1.0
452.3076923076923 173.07692307692307 1.0
446.15384615384613 173.07692307692307 1.0
446.15384615384613 173.07692307692307 1.0
449.2307692307692 166.15384615384616 1.0
444.61538461538464 163.84615384615384 1.0
440.0 163.84615384615384 1.0
429.2307692307692 163.84615384615384 1.0
420.0 162.69230769230768 1.0
409.2307692307692 162.69230769230768 1.0
407.6923076923077 161.53846153846155 1.0
401.53846153846155 161.53846153846155 1.0
393.84615384615387 162.69230769230768 1.0
389.2307692307692 162.69230769230768 1.0
384.61538461538464 168.46153846153845 1.0
376.9230769230769 173.07692307692307 1.0
373.84615384615387 186.92307692307693 1.0
366.15384615384613 195.0 1.0
352.3076923076923 206.53846153846155 1.0
333.84615384615387 214.6153846153846 1.0
327.6923076923077 214.6153846153846 1.0
329.2307692307692 214.6153846153846 1.0
329.2307692307692 220.3846153846154 1.0
335.38461538461536 231.92307692307693 1.0
335.38461538461536 234.23076923076923 1.0
335.38461538461536 237.69230769230768 1.0
336.9230769230769 244.6153846153846 1.0
336.9230769230769 251.53846153846155 1.0
332.3076923076923 257.3076923076923 1.0
329.2307692307692 265.38461538461536 1.0
326.15384615384613 270.0 1.0
330.7692307692308 272.3076923076923 1.0
341.53846153846155 275.7692307692308 1.0
349.2307692307692 281.53846153846155 1.0
358.46153846153845 285.0 1.0
367.6923076923077 289.61538461538464 1.0
386.15384615384613 309.2307692307692 1.0
416.9230769230769 325.38461538461536 1.0
440.0 333.46153846153845 1.0
456.9230769230769 338.0769230769231 1.0
463.0769230769231 331.15384615384613 1.0
466.15384615384613 318.46153846153845 1.0
461.53846153846155 310.38461538461536 1.0
453.84615384615387 298.84615384615387 1.0
453.84615384615387 296.53846153846155 1.0
449.2307692307692 293.0769230769231 1.0
455.38461538461536 281.53846153846155 1.0
458.46153846153845 272.3076923076923 1.0
464.61538461538464 261.9230769230769 1.0
449.2307692307692 243.46153846153845 1.0
429.2307692307692 229.6153846153846 1.0
413.84615384615387 221.53846153846155 1.0
398.46153846153845 213.46153846153845 1.0
389.2307692307692 201.92307692307693 1.0
380.0 196.15384615384616 1.0
372.3076923076923 192.69230769230768 1.0
356.9230769230769 189.23076923076923 1.0
343.0769230769231 181.15384615384616 1.0
333.84615384615387 181.15384615384616 1.0
321.53846153846155 181.15384615384616 1.0
309.2307692307692 181.15384615384616 1.0
301.53846153846155 181.15384615384616 1.0
292.3076923076923 178.84615384615384 1.0
281.53846153846155 178.84615384615384 1.0
270.7692307692308 182.30769230769232 1.0
263.0769230769231 188.07692307692307 1.0
256.9230769230769 190.3846153846154 1.0
243.07692307692307 190.3846153846154 1.0
236.92307692307693 190.3846153846154 1.0
241.53846153846155 198.46153846153845 1.0
253.84615384615384 214.6153846153846 1.0
260.0 222.69230769230768 1.0
264.61538461538464 240.0 1.0
269.2307692307692 249.23076923076923 1.0
272.3076923076923 259.61538461538464 1.0
272.3076923076923 266.53846153846155 1.0
278.46153846153845 270.0 1.0
286.15384615384613 280.38461538461536 1.0
295.38461538461536 289.61538461538464 1.0
306.15384615384613 293.0769230769231 1.0
309.2307692307692 300.0 1.0
313.84615384615387 306.9230769230769 1.0
323.0769230769231 312.6923076923077 1.0
341.53846153846155 321.9230769230769 1.0
352.3076923076923 330.0 1.0
367.6923076923077 332.3076923076923 1.0
381.53846153846155 331.15384615384613 1.0
393.84615384615387 327.6923076923077 1.0
400.0 321.9230769230769 1.0
401.53846153846155 310.38461538461536 1.0
401.53846153846155 300.0 1.0
398.46153846153845 293.0769230769231 1.0
409.2307692307692 296.53846153846155 1.0
412.3076923076923 289.61538461538464 1.0
420.0 288.46153846153845 1.0
429.2307692307692 280.38461538461536 1.0
440.0 270.0 1.0
440.0 266.53846153846155 1.0
436.9230769230769 255.0 1.0
436.9230769230769 241.15384615384616 1.0
433.84615384615387 234.23076923076923 1.0
435.38461538461536 219.23076923076923 1.0
435.38461538461536 200.76923076923077 1.0
435.38461538461536 191.53846153846155 1.0
435.38461538461536 183.46153846153845 1.0
435.38461538461536 180.0 1.0
430.7692307692308 178.84615384615384 1.0
427.6923076923077 178.84615384615384 1.0
413.84615384615387 165.0 1.0
400.0 154.6153846153846 1.0
387.6923076923077 148.84615384615384 1.0
380.0 143.07692307692307 1.0
372.3076923076923 139.6153846153846 1.0
363.0769230769231 136.15384615384616 1.0
356.9230769230769 126.92307692307692 1.0
344.61538461538464 117.6923076923077 1.0
327.6923076923077 116.53846153846153 1.0
316.9230769230769 116.53846153846153 1.0
310.7692307692308 120.0 1.0
304.61538461538464 126.92307692307692 1.0
296.9230769230769 130.3846153846154 1.0
286.15384615384613 130.3846153846154 1.0
281.53846153846155 130.3846153846154 1.0
270.7692307692308 130.3846153846154 1.0
261.53846153846155 130.3846153846154 1.0
252.30769230769232 131.53846153846155 1.0
247.69230769230768 137.30769230769232 1.0
235.3846153846154 140.76923076923077 1.0
229.23076923076923 146.53846153846155 1.0
227.69230769230768 155.76923076923077 1.0
221.53846153846155 160.3846153846154 1.0
221.53846153846155 167.30769230769232 1.0
216.92307692307693 173.07692307692307 1.0
213.84615384615384 180.0 1.0
212.30769230769232 186.92307692307693 1.0
209.23076923076923 199.6153846153846 1.0
207.69230769230768 204.23076923076923 1.0
200.0 215.76923076923077 1.0
200.0 226.15384615384616 1.0
198.46153846153845 229.6153846153846 1.0
201.53846153846155 243.46153846153845 1.0
201.53846153846155 248.07692307692307 1.0
204.6153846153846 257.3076923076923 1.0
200.0 261.9230769230769 1.0
201.53846153846155 271.15384615384613 1.0
204.6153846153846 275.7692307692308 1.0
207.69230769230768 286.15384615384613 1.0
224.6153846153846 301.15384615384613 1.0
233.84615384615384 312.6923076923077 1.0
243.07692307692307 326.53846153846155 1.0
255.3846153846154 333.46153846153845 1.0
272.3076923076923 347.3076923076923 1.0
301.53846153846155 372.6923076923077 1.0
327.6923076923077 392.3076923076923 1.0
352.3076923076923 400.38461538461536 1.0
372.3076923076923 391.15384615384613 1.0
383.0769230769231 381.9230769230769 1.0
389.2307692307692 370.38461538461536 1.0
392.3076923076923 363.46153846153845 1.0
396.9230769230769 353.0769230769231 1.0
401.53846153846155 338.0769230769231 1.0
407.6923076923077 331.15384615384613 1.0
404.61538461538464 313.84615384615387 1.0
404.61538461538464 304.61538461538464 1.0
409.2307692307692 293.0769230769231 1.0
415.38461538461536 281.53846153846155 1.0
421.53846153846155 272.3076923076923 1.0
429.2307692307692 268.84615384615387 1.0
432.3076923076923 259.61538461538464 1.0
432.3076923076923 253.84615384615384 1.0
430.7692307692308 255.0 1.0
430.7692307692308 251.53846153846155 1.0
430.7692307692308 242.30769230769232 1.0
430.7692307692308 236.53846153846155 1.0
429.2307692307692 234.23076923076923 1.0
424.61538461538464 227.30769230769232 1.0
424.61538461538464 220.3846153846154 1.0
420.0 214.6153846153846 1.0
410.7692307692308 208.84615384615384 1.0
403.0769230769231 204.23076923076923 1.0
396.9230769230769 203.07692307692307 1.0
386.15384615384613 198.46153846153845 1.0
364.61538461538464 184.6153846153846 1.0
355.38461538461536 180.0 1.0
338.46153846153845 170.76923076923077 1.0
336.9230769230769 170.76923076923077 1.0
332.3076923076923 167.30769230769232 1.0
336.9230769230769 170.76923076923077 1.0
346.15384615384613 170.76923076923077 1.0
355.38461538461536 171.92307692307693 1.0
358.46153846153845 175.3846153846154 1.0
356.9230769230769 175.3846153846154 1.0
356.9230769230769 175.3846153846154 1.0
356.9230769230769 175.3846153846154 1.0
356.9230769230769 175.3846153846154 1.0
361.53846153846155 180.0 1.0
372.3076923076923 191.53846153846155 1.0
