298.46153846153845 313.84615384615387
298.46153846153845 316.15384615384613
298.46153846153845 316.15384615384613
298.46153846153845 316.15384615384613
298.46153846153845 316.15384615384613
298.46153846153845 316.15384615384613
298.46153846153845 316.15384615384613
298.46153846153845 316.15384615384613
298.46153846153845 316.15384615384613
298.46153846153845 316.15384615384613
298.46153846153845 316.15384615384613
298.46153846153845 316.15384615384613
298.46153846153845 316.15384615384613
298.46153846153845 316.15384615384613
298.46153846153845 316.15384615384613
298.46153846153845 316.15384615384613
298.46153846153845 316.15384615384613
284.61538461538464 316.15384615384613
243.07692307692307 306.9230769230769
243.07692307692307 304.61538461538464
243.07692307692307 304.61538461538464
235.3846153846154 312.6923076923077
180.0 300.0
149.23076923076923 303.46153846153845
135.3846153846154 308.0769230769231
133.84615384615384 309.2307692307692
133.84615384615384 309.2307692307692
126.15384615384616 313.84615384615387
113.84615384615384 313.84615384615387
113.84615384615384 313.84615384615387
113.84615384615384 313.84615384615387
106.15384615384616 313.84615384615387
104.61538461538461 311.53846153846155
104.61538461538461 310.38461538461536
106.15384615384616 310.38461538461536
110.76923076923077 309.2307692307692
106.15384615384616 306.9230769230769
106.15384615384616 306.9230769230769
106.15384615384616 306.9230769230769
104.61538461538461 306.9230769230769
104.61538461538461 306.9230769230769
104.61538461538461 306.9230769230769
104.61538461538461 306.9230769230769
104.61538461538461 306.9230769230769
101.53846153846153 304.61538461538464
101.53846153846153 304.61538461538464
101.53846153846153 302.3076923076923
101.53846153846153 302.3076923076923
101.53846153846153 302.3076923076923
101.53846153846153 302.3076923076923
101.53846153846153 302.3076923076923
101.53846153846153 302.3076923076923
101.53846153846153 302.3076923076923
101.53846153846153 302.3076923076923
101.53846153846153 302.3076923076923
101.53846153846153 302.3076923076923
101.53846153846153 302.3076923076923
101.53846153846153 302.3076923076923
116.92307692307692 279.2307692307692
156.92307692307693 243.46153846153845
193.84615384615384 213.46153846153845
186.15384615384616 221.53846153846155
187.69230769230768 221.53846153846155
187.69230769230768 221.53846153846155
187.69230769230768 221.53846153846155
236.92307692307693 236.53846153846155
280.0 279.2307692307692
267.6923076923077 270.0
267.6923076923077 266.53846153846155
267.6923076923077 266.53846153846155
289.2307692307692 291.9230769230769
284.61538461538464 294.2307692307692
284.61538461538464 290.7692307692308
284.61538461538464 290.7692307692308
284.61538461538464 290.7692307692308
284.61538461538464 290.7692307692308
284.61538461538464 290.7692307692308
284.61538461538464 290.7692307692308
296.9230769230769 290.7692307692308
298.46153846153845 291.9230769230769
298.46153846153845 291.9230769230769
300.0 295.38461538461536
300.0 295.38461538461536
300.0 295.38461538461536
350.7692307692308 264.2307692307692
400.0 230.76923076923077
443.0769230769231 227.30769230769232
466.15384615384613 227.30769230769232
475.38461538461536 233.07692307692307
472.3076923076923 229.6153846153846
472.3076923076923 229.6153846153846
475.38461538461536 227.30769230769232
484.61538461538464 214.6153846153846
484.61538461538464 208.84615384615384
487.6923076923077 205.3846153846154
487.6923076923077 207.69230769230768
490.7692307692308 210.0
490.7692307692308 211.15384615384616
490.7692307692308 211.15384615384616
490.7692307692308 211.15384615384616
489.2307692307692 211.15384615384616
489.2307692307692 211.15384615384616
489.2307692307692 211.15384615384616
489.2307692307692 212.30769230769232
489.2307692307692 212.30769230769232
487.6923076923077 212.30769230769232
487.6923076923077 212.30769230769232
487.6923076923077 212.30769230769232
487.6923076923077 212.30769230769232
487.6923076923077 212.30769230769232
487.6923076923077 212.30769230769232
487.6923076923077 212.30769230769232
481.53846153846155 213.46153846153845
478.46153846153845 214.6153846153846
432.3076923076923 221.53846153846155
410.7692307692308 215.76923076923077
386.15384615384613 244.6153846153846
330.7692307692308 285.0
301.53846153846155 306.9230769230769
295.38461538461536 305.7692307692308
292.3076923076923 304.61538461538464
289.2307692307692 300.0
289.2307692307692 300.0
289.2307692307692 300.0
289.2307692307692 300.0
292.3076923076923 300.0
261.53846153846155 312.6923076923077
212.30769230769232 316.15384615384613
201.53846153846155 312.6923076923077
193.84615384615384 316.15384615384613
158.46153846153845 327.6923076923077
149.23076923076923 330.0
143.07692307692307 331.15384615384613
146.15384615384616 334.61538461538464
146.15384615384616 334.61538461538464
146.15384615384616 334.61538461538464
146.15384615384616 334.61538461538464
147.69230769230768 330.0
147.69230769230768 330.0
149.23076923076923 330.0
149.23076923076923 330.0
149.23076923076923 332.3076923076923
135.3846153846154 334.61538461538464
135.3846153846154 334.61538461538464
133.84615384615384 334.61538461538464
133.84615384615384 334.61538461538464
133.84615384615384 334.61538461538464
133.84615384615384 334.61538461538464
133.84615384615384 334.61538461538464
133.84615384615384 333.46153846153845
133.84615384615384 333.46153846153845
133.84615384615384 333.46153846153845
133.84615384615384 333.46153846153845
133.84615384615384 333.46153846153845
161.53846153846155 327.6923076923077
244.6153846153846 291.9230769230769
278.46153846153845 300.0
280.0 300.0
280.0 300.0
295.38461538461536 298.84615384615387
338.46153846153845 283.84615384615387
336.9230769230769 285.0
338.46153846153845 283.84615384615387
338.46153846153845 283.84615384615387
338.46153846153845 283.84615384615387
335.38461538461536 281.53846153846155
335.38461538461536 281.53846153846155
340.0 282.6923076923077
340.0 282.6923076923077
340.0 282.6923076923077
341.53846153846155 282.6923076923077
343.0769230769231 281.53846153846155
341.53846153846155 276.9230769230769
341.53846153846155 276.9230769230769
341.53846153846155 276.9230769230769
344.61538461538464 276.9230769230769
290.7692307692308 297.6923076923077
278.46153846153845 295.38461538461536
278.46153846153845 293.0769230769231
278.46153846153845 293.0769230769231
278.46153846153845 296.53846153846155
240.0 296.53846153846155
236.92307692307693 296.53846153846155
236.92307692307693 296.53846153846155
236.92307692307693 295.38461538461536
235.3846153846154 293.0769230769231
235.3846153846154 293.0769230769231
235.3846153846154 293.0769230769231
235.3846153846154 293.0769230769231
235.3846153846154 293.0769230769231
233.84615384615384 291.9230769230769
233.84615384615384 291.9230769230769
233.84615384615384 291.9230769230769
233.84615384615384 291.9230769230769
233.84615384615384 291.9230769230769
233.84615384615384 291.9230769230769
233.84615384615384 291.9230769230769
233.84615384615384 291.9230769230769
233.84615384615384 291.9230769230769
233.84615384615384 291.9230769230769
233.84615384615384 291.9230769230769
233.84615384615384 290.7692307692308
233.84615384615384 290.7692307692308
233.84615384615384 290.7692307692308
241.53846153846155 288.46153846153845
315.38461538461536 283.84615384615387
326.15384615384613 280.38461538461536
326.15384615384613 280.38461538461536
326.15384615384613 279.2307692307692
326.15384615384613 279.2307692307692
326.15384615384613 279.2307692307692
326.15384615384613 280.38461538461536
326.15384615384613 280.38461538461536
326.15384615384613 280.38461538461536
326.15384615384613 280.38461538461536
326.15384615384613 280.38461538461536
326.15384615384613 280.38461538461536
326.15384615384613 280.38461538461536
326.15384615384613 280.38461538461536
326.15384615384613 280.38461538461536
324.61538461538464 279.2307692307692
324.61538461538464 279.2307692307692
300.0 288.46153846153845
232.30769230769232 302.3076923076923
218.46153846153845 305.7692307692308
218.46153846153845 305.7692307692308
218.46153846153845 305.7692307692308
218.46153846153845 305.7692307692308
218.46153846153845 305.7692307692308
218.46153846153845 305.7692307692308
218.46153846153845 305.7692307692308
218.46153846153845 304.61538461538464
218.46153846153845 304.61538461538464
218.46153846153845 304.61538461538464
223.07692307692307 300.0
227.69230769230768 300.0
227.69230769230768 300.0
227.69230769230768 300.0
227.69230769230768 300.0
227.69230769230768 300.0
227.69230769230768 300.0
227.69230769230768 300.0
227.69230769230768 300.0
227.69230769230768 300.0
227.69230769230768 300.0
227.69230769230768 300.0
235.3846153846154 297.6923076923077
276.9230769230769 286.15384615384613
275.38461538461536 282.6923076923077
281.53846153846155 268.84615384615387
275.38461538461536 270.0
275.38461538461536 270.0
275.38461538461536 270.0
275.38461538461536 270.0
275.38461538461536 264.2307692307692
278.46153846153845 268.84615384615387
278.46153846153845 268.84615384615387
278.46153846153845 267.6923076923077
278.46153846153845 267.6923076923077
278.46153846153845 267.6923076923077
278.46153846153845 267.6923076923077
276.9230769230769 267.6923076923077
276.9230769230769 266.53846153846155
276.9230769230769 266.53846153846155
275.38461538461536 267.6923076923077
275.38461538461536 267.6923076923077
275.38461538461536 267.6923076923077
275.38461538461536 267.6923076923077
275.38461538461536 267.6923076923077
275.38461538461536 267.6923076923077
275.38461538461536 267.6923076923077
275.38461538461536 300.0
284.61538461538464 323.0769230769231
286.15384615384613 325.38461538461536
286.15384615384613 325.38461538461536
286.15384615384613 325.38461538461536
286.15384615384613 325.38461538461536
286.15384615384613 325.38461538461536
286.15384615384613 325.38461538461536
286.15384615384613 325.38461538461536
286.15384615384613 320.7692307692308
278.46153846153845 313.84615384615387
278.46153846153845 312.6923076923077
278.46153846153845 312.6923076923077
286.15384615384613 323.0769230769231
286.15384615384613 323.0769230769231
286.15384615384613 323.0769230769231
286.15384615384613 323.0769230769231
286.15384615384613 323.0769230769231
286.15384615384613 323.0769230769231
286.15384615384613 320.7692307692308
286.15384615384613 320.7692307692308
286.15384615384613 320.7692307692308
286.15384615384613 320.7692307692308
286.15384615384613 320.7692307692308
286.15384615384613 320.7692307692308
286.15384615384613 320.7692307692308
286.15384615384613 320.7692307692308
286.15384615384613 320.7692307692308
286.15384615384613 320.7692307692308
286.15384615384613 320.7692307692308
286.15384615384613 323.0769230769231
298.46153846153845 323.0769230769231
346.15384615384613 310.38461538461536
346.15384615384613 306.9230769230769
343.0769230769231 306.9230769230769
343.0769230769231 306.9230769230769
343.0769230769231 306.9230769230769
343.0769230769231 306.9230769230769
343.0769230769231 306.9230769230769
343.0769230769231 306.9230769230769
343.0769230769231 290.7692307692308
341.53846153846155 285.0
341.53846153846155 285.0
340.0 285.0
340.0 285.0
340.0 285.0
340.0 285.0
340.0 285.0
340.0 285.0
336.9230769230769 287.3076923076923
286.15384615384613 287.3076923076923
232.30769230769232 294.2307692307692
232.30769230769232 294.2307692307692
232.30769230769232 294.2307692307692
230.76923076923077 294.2307692307692
224.6153846153846 294.2307692307692
224.6153846153846 294.2307692307692
221.53846153846155 290.7692307692308
221.53846153846155 290.7692307692308
221.53846153846155 290.7692307692308
220.0 290.7692307692308
218.46153846153845 290.7692307692308
218.46153846153845 290.7692307692308
218.46153846153845 290.7692307692308
215.3846153846154 291.9230769230769
215.3846153846154 291.9230769230769
215.3846153846154 291.9230769230769
226.15384615384616 265.38461538461536
224.6153846153846 265.38461538461536
224.6153846153846 265.38461538461536
224.6153846153846 265.38461538461536
224.6153846153846 265.38461538461536
229.23076923076923 256.15384615384613
255.3846153846154 241.15384615384616
290.7692307692308 255.0
290.7692307692308 253.84615384615384
290.7692307692308 253.84615384615384
290.7692307692308 253.84615384615384
290.7692307692308 253.84615384615384
290.7692307692308 253.84615384615384
290.7692307692308 253.84615384615384
287.6923076923077 253.84615384615384
278.46153846153845 259.61538461538464
278.46153846153845 259.61538461538464
278.46153846153845 259.61538461538464
278.46153846153845 259.61538461538464
278.46153846153845 259.61538461538464
278.46153846153845 259.61538461538464
278.46153846153845 259.61538461538464
278.46153846153845 259.61538461538464
283.0769230769231 263.0769230769231
312.3076923076923 255.0
387.6923076923077 243.46153846153845
433.84615384615387 242.30769230769232
464.61538461538464 244.6153846153846
475.38461538461536 245.76923076923077
475.38461538461536 245.76923076923077
475.38461538461536 245.76923076923077
475.38461538461536 245.76923076923077
475.38461538461536 245.76923076923077
480.0 245.76923076923077
496.9230769230769 256.15384615384613
498.46153846153845 256.15384615384613
498.46153846153845 256.15384615384613
498.46153846153845 256.15384615384613
498.46153846153845 256.15384615384613
498.46153846153845 256.15384615384613
498.46153846153845 256.15384615384613
498.46153846153845 256.15384615384613
498.46153846153845 256.15384615384613
498.46153846153845 256.15384615384613
498.46153846153845 256.15384615384613
498.46153846153845 256.15384615384613
498.46153846153845 256.15384615384613
498.46153846153845 256.15384615384613
460.0 257.3076923076923
369.2307692307692 265.38461538461536
304.61538461538464 276.9230769230769
300.0 276.9230769230769
296.9230769230769 275.7692307692308
296.9230769230769 274.61538461538464
296.9230769230769 274.61538461538464
280.0 281.53846153846155
232.30769230769232 306.9230769230769
190.76923076923077 309.2307692307692
144.6153846153846 316.15384615384613
127.6923076923077 320.7692307692308
123.07692307692308 324.2307692307692
121.53846153846153 324.2307692307692
121.53846153846153 324.2307692307692
121.53846153846153 324.2307692307692
121.53846153846153 324.2307692307692
121.53846153846153 324.2307692307692
121.53846153846153 324.2307692307692
121.53846153846153 324.2307692307692
121.53846153846153 324.2307692307692
121.53846153846153 324.2307692307692
121.53846153846153 324.2307692307692
121.53846153846153 324.2307692307692
121.53846153846153 324.2307692307692
121.53846153846153 324.2307692307692
121.53846153846153 324.2307692307692
121.53846153846153 324.2307692307692
121.53846153846153 323.0769230769231
180.0 311.53846153846155
249.23076923076923 294.2307692307692
261.53846153846155 287.3076923076923
269.2307692307692 294.2307692307692
269.2307692307692 293.0769230769231
266.15384615384613 289.61538461538464
266.15384615384613 289.61538461538464
315.38461538461536 290.7692307692308
383.0769230769231 272.3076923076923
430.7692307692308 275.7692307692308
461.53846153846155 281.53846153846155
470.7692307692308 281.53846153846155
470.7692307692308 281.53846153846155
466.15384615384613 281.53846153846155
486.15384615384613 281.53846153846155
500.0 281.53846153846155
500.0 276.9230769230769
500.0 276.9230769230769
500.0 274.61538461538464
500.0 274.61538461538464
500.0 274.61538461538464
500.0 274.61538461538464
500.0 274.61538461538464
498.46153846153845 274.61538461538464
496.9230769230769 273.46153846153845
496.9230769230769 273.46153846153845
492.3076923076923 270.0
492.3076923076923 270.0
492.3076923076923 270.0
492.3076923076923 270.0
484.61538461538464 273.46153846153845
401.53846153846155 260.7692307692308
318.46153846153845 252.69230769230768
320.0 252.69230769230768
247.69230769230768 266.53846153846155
238.46153846153845 280.38461538461536
240.0 280.38461538461536
243.07692307692307 280.38461538461536
243.07692307692307 280.38461538461536
243.07692307692307 280.38461538461536
243.07692307692307 280.38461538461536
243.07692307692307 280.38461538461536
238.46153846153845 287.3076923076923
183.07692307692307 306.9230769230769
150.76923076923077 316.15384615384613
129.23076923076923 323.0769230769231
118.46153846153847 326.53846153846155
116.92307692307692 326.53846153846155
116.92307692307692 326.53846153846155
116.92307692307692 326.53846153846155
113.84615384615384 327.6923076923077
113.84615384615384 324.2307692307692
113.84615384615384 324.2307692307692
113.84615384615384 325.38461538461536
113.84615384615384 325.38461538461536
113.84615384615384 325.38461538461536
113.84615384615384 325.38461538461536
113.84615384615384 325.38461538461536
113.84615384615384 325.38461538461536
113.84615384615384 325.38461538461536
113.84615384615384 315.0
158.46153846153845 291.9230769230769
206.15384615384616 271.15384615384613
273.84615384615387 336.9230769230769
270.7692307692308 323.0769230769231
278.46153846153845 301.15384615384613
278.46153846153845 297.6923076923077
278.46153846153845 297.6923076923077
278.46153846153845 297.6923076923077
278.46153846153845 293.0769230769231
278.46153846153845 293.0769230769231
278.46153846153845 293.0769230769231
278.46153846153845 289.61538461538464
278.46153846153845 289.61538461538464
278.46153846153845 289.61538461538464
278.46153846153845 289.61538461538464
278.46153846153845 289.61538461538464
278.46153846153845 289.61538461538464
292.3076923076923 286.15384615384613
364.61538461538464 276.9230769230769
415.38461538461536 280.38461538461536
456.9230769230769 283.84615384615387
473.84615384615387 285.0
480.0 285.0
480.0 285.0
480.0 285.0
480.0 285.0
480.0 285.0
480.0 285.0
480.0 285.0
480.0 285.0
480.0 285.0
478.46153846153845 285.0
478.46153846153845 285.0
478.46153846153845 285.0
478.46153846153845 285.0
478.46153846153845 285.0
478.46153846153845 285.0
478.46153846153845 285.0
423.0769230769231 289.61538461538464
333.84615384615387 295.38461538461536
307.6923076923077 297.6923076923077
300.0 297.6923076923077
300.0 296.53846153846155
300.0 296.53846153846155
300.0 296.53846153846155
300.0 296.53846153846155
298.46153846153845 295.38461538461536
287.6923076923077 297.6923076923077
284.61538461538464 297.6923076923077
284.61538461538464 297.6923076923077
284.61538461538464 297.6923076923077
287.6923076923077 298.84615384615387
273.84615384615387 298.84615384615387
204.6153846153846 303.46153846153845
158.46153846153845 303.46153846153845
129.23076923076923 302.3076923076923
113.84615384615384 309.2307692307692
109.23076923076923 312.6923076923077
109.23076923076923 312.6923076923077
109.23076923076923 312.6923076923077
109.23076923076923 312.6923076923077
109.23076923076923 312.6923076923077
109.23076923076923 312.6923076923077
109.23076923076923 312.6923076923077
109.23076923076923 311.53846153846155
112.3076923076923 311.53846153846155
113.84615384615384 311.53846153846155
113.84615384615384 311.53846153846155
113.84615384615384 310.38461538461536
144.6153846153846 291.9230769230769
229.23076923076923 273.46153846153845
295.38461538461536 272.3076923076923
300.0 268.84615384615387
295.38461538461536 267.6923076923077
295.38461538461536 267.6923076923077
295.38461538461536 267.6923076923077
295.38461538461536 267.6923076923077
289.2307692307692 267.6923076923077
284.61538461538464 235.3846153846154
275.38461538461536 225.0
269.2307692307692 211.15384615384616
269.2307692307692 166.15384615384616
269.2307692307692 159.23076923076923
261.53846153846155 158.07692307692307
261.53846153846155 158.07692307692307
261.53846153846155 158.07692307692307
261.53846153846155 159.23076923076923
261.53846153846155 160.3846153846154
261.53846153846155 160.3846153846154
258.46153846153845 160.3846153846154
258.46153846153845 160.3846153846154
258.46153846153845 160.3846153846154
258.46153846153845 160.3846153846154
258.46153846153845 160.3846153846154
258.46153846153845 160.3846153846154
258.46153846153845 160.3846153846154
258.46153846153845 160.3846153846154
258.46153846153845 160.3846153846154
261.53846153846155 175.3846153846154
272.3076923076923 233.07692307692307
287.6923076923077 266.53846153846155
283.0769230769231 270.0
278.46153846153845 270.0
278.46153846153845 270.0
278.46153846153845 270.0
278.46153846153845 270.0
278.46153846153845 270.0
278.46153846153845 270.0
293.84615384615387 289.61538461538464
289.2307692307692 297.6923076923077
289.2307692307692 296.53846153846155
321.53846153846155 304.61538461538464
396.9230769230769 313.84615384615387
429.2307692307692 330.0
441.53846153846155 336.9230769230769
446.15384615384613 338.0769230769231
440.0 335.7692307692308
440.0 335.7692307692308
432.3076923076923 335.7692307692308
340.0 341.53846153846155
307.6923076923077 350.7692307692308
307.6923076923077 347.3076923076923
301.53846153846155 341.53846153846155
301.53846153846155 341.53846153846155
301.53846153846155 341.53846153846155
301.53846153846155 341.53846153846155
301.53846153846155 341.53846153846155
301.53846153846155 341.53846153846155
301.53846153846155 341.53846153846155
301.53846153846155 341.53846153846155
301.53846153846155 341.53846153846155
301.53846153846155 341.53846153846155
301.53846153846155 343.84615384615387
301.53846153846155 343.84615384615387
301.53846153846155 343.84615384615387
301.53846153846155 343.84615384615387
293.84615384615387 339.2307692307692
292.3076923076923 336.9230769230769
290.7692307692308 335.7692307692308
283.0769230769231 365.7692307692308
281.53846153846155 386.53846153846155
281.53846153846155 400.38461538461536
281.53846153846155 401.53846153846155
281.53846153846155 401.53846153846155
281.53846153846155 401.53846153846155
281.53846153846155 400.38461538461536
281.53846153846155 400.38461538461536
281.53846153846155 400.38461538461536
278.46153846153845 402.6923076923077
278.46153846153845 402.6923076923077
278.46153846153845 408.46153846153845
278.46153846153845 410.7692307692308
278.46153846153845 414.2307692307692
278.46153846153845 415.38461538461536
280.0 415.38461538461536
280.0 415.38461538461536
280.0 415.38461538461536
280.0 415.38461538461536
280.0 415.38461538461536
280.0 415.38461538461536
280.0 415.38461538461536
280.0 415.38461538461536
280.0 415.38461538461536
280.0 415.38461538461536
280.0 415.38461538461536
280.0 415.38461538461536
280.0 415.38461538461536
280.0 415.38461538461536
280.0 415.38461538461536
280.0 415.38461538461536
280.0 415.38461538461536
280.0 415.38461538461536
280.0 415.38461538461536
280.0 415.38461538461536
280.0 415.38461538461536
280.0 415.38461538461536
280.0 415.38461538461536
284.61538461538464 400.38461538461536
287.6923076923077 377.3076923076923
287.6923076923077 368.0769230769231
284.61538461538464 364.61538461538464
284.61538461538464 363.46153846153845
283.0769230769231 369.2307692307692
289.2307692307692 340.38461538461536
295.38461538461536 315.0
293.84615384615387 309.2307692307692
287.6923076923077 312.6923076923077
287.6923076923077 312.6923076923077
290.7692307692308 315.0
290.7692307692308 315.0
289.2307692307692 310.38461538461536
292.3076923076923 263.0769230769231
287.6923076923077 261.9230769230769
284.61538461538464 261.9230769230769
290.7692307692308 265.38461538461536
333.84615384615387 248.07692307692307
386.15384615384613 241.15384615384616
415.38461538461536 246.92307692307693
438.46153846153845 249.23076923076923
443.0769230769231 251.53846153846155
443.0769230769231 251.53846153846155
443.0769230769231 251.53846153846155
443.0769230769231 251.53846153846155
463.0769230769231 266.53846153846155
489.2307692307692 278.0769230769231
498.46153846153845 282.6923076923077
498.46153846153845 280.38461538461536
498.46153846153845 280.38461538461536
503.0769230769231 281.53846153846155
503.0769230769231 285.0
503.0769230769231 285.0
503.0769230769231 285.0
503.0769230769231 285.0
503.0769230769231 285.0
503.0769230769231 285.0
503.0769230769231 285.0
483.0769230769231 285.0
389.2307692307692 289.61538461538464
313.84615384615387 297.6923076923077
301.53846153846155 298.84615384615387
298.46153846153845 298.84615384615387
298.46153846153845 298.84615384615387
298.46153846153845 298.84615384615387
293.84615384615387 295.38461538461536
293.84615384615387 295.38461538461536
293.84615384615387 295.38461538461536
293.84615384615387 295.38461538461536
293.84615384615387 294.2307692307692
293.84615384615387 290.7692307692308
293.84615384615387 290.7692307692308
293.84615384615387 290.7692307692308
293.84615384615387 290.7692307692308
293.84615384615387 290.7692307692308
293.84615384615387 290.7692307692308
293.84615384615387 290.7692307692308
293.84615384615387 290.7692307692308
293.84615384615387 290.7692307692308
293.84615384615387 290.7692307692308
293.84615384615387 290.7692307692308
289.2307692307692 290.7692307692308
284.61538461538464 286.15384615384613
284.61538461538464 286.15384615384613
284.61538461538464 286.15384615384613
284.61538461538464 286.15384615384613
284.61538461538464 286.15384615384613
284.61538461538464 286.15384615384613
284.61538461538464 286.15384615384613
284.61538461538464 286.15384615384613
284.61538461538464 286.15384615384613
284.61538461538464 286.15384615384613
284.61538461538464 286.15384615384613
284.61538461538464 286.15384615384613
284.61538461538464 287.3076923076923
284.61538461538464 287.3076923076923
284.61538461538464 287.3076923076923
284.61538461538464 287.3076923076923
284.61538461538464 287.3076923076923
284.61538461538464 287.3076923076923
284.61538461538464 287.3076923076923
284.61538461538464 287.3076923076923
284.61538461538464 287.3076923076923
283.0769230769231 287.3076923076923
281.53846153846155 293.0769230769231
281.53846153846155 293.0769230769231
281.53846153846155 293.0769230769231
281.53846153846155 293.0769230769231
281.53846153846155 293.0769230769231
281.53846153846155 293.0769230769231
281.53846153846155 293.0769230769231
281.53846153846155 293.0769230769231
281.53846153846155 293.0769230769231
281.53846153846155 293.0769230769231
281.53846153846155 294.2307692307692
281.53846153846155 295.38461538461536
281.53846153846155 295.38461538461536
281.53846153846155 295.38461538461536
281.53846153846155 288.46153846153845
281.53846153846155 288.46153846153845
281.53846153846155 288.46153846153845
281.53846153846155 288.46153846153845
280.0 288.46153846153845
280.0 288.46153846153845
280.0 288.46153846153845
280.0 288.46153846153845
280.0 290.7692307692308
280.0 290.7692307692308
280.0 290.7692307692308
280.0 290.7692307692308
280.0 290.7692307692308
280.0 290.7692307692308
280.0 290.7692307692308
280.0 290.7692307692308
280.0 290.7692307692308
280.0 290.7692307692308
280.0 290.7692307692308
280.0 290.7692307692308
280.0 290.7692307692308
280.0 290.7692307692308
280.0 290.7692307692308
280.0 290.7692307692308
280.0 290.7692307692308
280.0 290.7692307692308
280.0 290.7692307692308
280.0 290.7692307692308
280.0 290.7692307692308
280.0 290.7692307692308
296.9230769230769 317.3076923076923
290.7692307692308 320.7692307692308
290.7692307692308 320.7692307692308
289.2307692307692 318.46153846153845
289.2307692307692 318.46153846153845
289.2307692307692 320.7692307692308
289.2307692307692 320.7692307692308
289.2307692307692 320.7692307692308
287.6923076923077 296.53846153846155
289.2307692307692 294.2307692307692
286.15384615384613 294.2307692307692
286.15384615384613 294.2307692307692
263.0769230769231 302.3076923076923
195.3846153846154 302.3076923076923
158.46153846153845 306.9230769230769
144.6153846153846 308.0769230769231
144.6153846153846 308.0769230769231
141.53846153846155 309.2307692307692
141.53846153846155 309.2307692307692
129.23076923076923 313.84615384615387
120.0 317.3076923076923
116.92307692307692 318.46153846153845
116.92307692307692 318.46153846153845
116.92307692307692 318.46153846153845
116.92307692307692 318.46153846153845
116.92307692307692 318.46153846153845
116.92307692307692 318.46153846153845
116.92307692307692 318.46153846153845
116.92307692307692 318.46153846153845
116.92307692307692 318.46153846153845
116.92307692307692 318.46153846153845
116.92307692307692 318.46153846153845
116.92307692307692 318.46153846153845
116.92307692307692 317.3076923076923
167.69230769230768 306.9230769230769
250.76923076923077 298.84615384615387
300.0 288.46153846153845
287.6923076923077 287.3076923076923
287.6923076923077 287.3076923076923
287.6923076923077 287.3076923076923
287.6923076923077 287.3076923076923
287.6923076923077 287.3076923076923
287.6923076923077 287.3076923076923
287.6923076923077 287.3076923076923
300.0 283.84615384615387
364.61538461538464 279.2307692307692
406.15384615384613 279.2307692307692
441.53846153846155 289.61538461538464
464.61538461538464 300.0
478.46153846153845 301.15384615384613
478.46153846153845 301.15384615384613
478.46153846153845 301.15384615384613
478.46153846153845 298.84615384615387
476.9230769230769 298.84615384615387
476.9230769230769 298.84615384615387
476.9230769230769 298.84615384615387
476.9230769230769 298.84615384615387
476.9230769230769 298.84615384615387
476.9230769230769 298.84615384615387
495.38461538461536 306.9230769230769
500.0 310.38461538461536
500.0 310.38461538461536
500.0 310.38461538461536
490.7692307692308 313.84615384615387
430.7692307692308 311.53846153846155
340.0 296.53846153846155
312.3076923076923 297.6923076923077
307.6923076923077 296.53846153846155
303.0769230769231 291.9230769230769
303.0769230769231 291.9230769230769
300.0 288.46153846153845
289.2307692307692 290.7692307692308
278.46153846153845 300.0
278.46153846153845 300.0
278.46153846153845 300.0
278.46153846153845 300.0
278.46153846153845 300.0
278.46153846153845 300.0
281.53846153846155 301.15384615384613
281.53846153846155 301.15384615384613
281.53846153846155 300.0
281.53846153846155 298.84615384615387
281.53846153846155 298.84615384615387
289.2307692307692 302.3076923076923
327.6923076923077 305.7692307692308
340.0 310.38461538461536
329.2307692307692 306.9230769230769
329.2307692307692 306.9230769230769
329.2307692307692 306.9230769230769
336.9230769230769 309.2307692307692
336.9230769230769 309.2307692307692
336.9230769230769 309.2307692307692
336.9230769230769 309.2307692307692
336.9230769230769 309.2307692307692
336.9230769230769 309.2307692307692
336.9230769230769 309.2307692307692
336.9230769230769 309.2307692307692
336.9230769230769 309.2307692307692
336.9230769230769 309.2307692307692
335.38461538461536 315.0
292.3076923076923 317.3076923076923
287.6923076923077 316.15384615384613
287.6923076923077 316.15384615384613
287.6923076923077 315.0
