298.46153846153845 313.84615384615387 1
298.46153846153845 316.15384615384613 1
298.46153846153845 316.15384615384613 1
298.46153846153845 316.15384615384613 1
298.46153846153845 316.15384615384613 1
298.46153846153845 316.15384615384613 1
298.46153846153845 316.15384615384613 1
298.46153846153845 316.15384615384613 1
298.46153846153845 316.15384615384613 1
298.46153846153845 316.15384615384613 1
298.46153846153845 316.15384615384613 1
298.46153846153845 316.15384615384613 1
298.46153846153845 316.15384615384613 1
298.46153846153845 316.15384615384613 1
298.46153846153845 316.15384615384613 1
298.46153846153845 316.15384615384613 1
298.46153846153845 316.15384615384613 1
284.61538461538464 316.15384615384613 1
243.0769230769231 306.92307692307685 1
243.0769230769231 304.61538461538464 1
243.0769230769231 304.61538461538464 1
235.38461538461542 312.6923076923077 1
180.0 300.0 1
149.23076923076925 303.46153846153845 1
135.38461538461542 308.07692307692315 1
133.84615384615384 309.23076923076917 1
133.84615384615384 309.23076923076917 1
126.15384615384615 313.84615384615387 1
113.84615384615385 313.84615384615387 1
113.84615384615385 313.84615384615387 1
113.84615384615385 313.84615384615387 1
106.15384615384615 313.84615384615387 1
104.6153846153846 311.53846153846155 1
104.6153846153846 310.38461538461536 1
106.15384615384615 310.38461538461536 1
110.76923076923076 309.23076923076917 1
106.15384615384615 306.92307692307685 1
106.15384615384615 306.92307692307685 1
106.15384615384615 306.92307692307685 1
104.6153846153846 306.92307692307685 1
104.6153846153846 306.92307692307685 1
104.6153846153846 306.92307692307685 1
104.6153846153846 306.92307692307685 1
104.6153846153846 306.92307692307685 1
101.53846153846152 304.61538461538464 1
101.53846153846152 304.61538461538464 1
101.53846153846152 302.3076923076923 1
101.53846153846152 302.3076923076923 1
101.53846153846152 302.3076923076923 1
101.53846153846152 302.3076923076923 1
101.53846153846152 302.3076923076923 1
101.53846153846152 302.3076923076923 1
101.53846153846152 302.3076923076923 1
101.53846153846152 302.3076923076923 1
101.53846153846152 302.3076923076923 1
101.53846153846152 302.3076923076923 1
101.53846153846152 302.3076923076923 1
101.53846153846152 302.3076923076923 1
116.92307692307692 279.23076923076917 1
156.9230769230769 243.46153846153842 1
193.84615384615384 213.46153846153842 1
186.15384615384616 221.53846153846158 1
187.6923076923077 221.53846153846158 1
187.6923076923077 221.53846153846158 1
187.6923076923077 221.53846153846158 1
236.9230769230769 236.53846153846158 1
280.0 279.23076923076917 1
267.6923076923077 270.0 1
267.6923076923077 266.53846153846155 1
267.6923076923077 266.53846153846155 1
289.23076923076917 291.92307692307685 1
284.61538461538464 294.23076923076917 1
284.61538461538464 290.76923076923083 1
284.61538461538464 290.76923076923083 1
284.61538461538464 290.76923076923083 1
284.61538461538464 290.76923076923083 1
284.61538461538464 290.76923076923083 1
284.61538461538464 290.76923076923083 1
296.92307692307685 290.76923076923083 1
298.46153846153845 291.92307692307685 1
298.46153846153845 291.92307692307685 1
300.0 295.38461538461536 1
300.0 295.38461538461536 1
300.0 295.38461538461536 1
350.76923076923083 264.23076923076917 1
400.0 230.7692307692308 1
443.07692307692315 227.3076923076923 1
466.1538461538461 227.3076923076923 1
475.3846153846154 233.0769230769231 1
472.3076923076923 229.61538461538458 1
472.3076923076923 229.61538461538458 1
475.3846153846154 227.3076923076923 1
484.6153846153846 214.61538461538458 1
484.6153846153846 208.84615384615384 1
487.6923076923077 205.38461538461542 1
487.6923076923077 207.6923076923077 1
490.76923076923083 210.0 1
490.76923076923083 211.15384615384616 1
490.76923076923083 211.15384615384616 1
490.76923076923083 211.15384615384616 1
489.23076923076917 211.15384615384616 1
489.23076923076917 211.15384615384616 1
489.23076923076917 211.15384615384616 1
489.23076923076917 212.3076923076923 1
489.23076923076917 212.3076923076923 1
487.6923076923077 212.3076923076923 1
487.6923076923077 212.3076923076923 1
487.6923076923077 212.3076923076923 1
487.6923076923077 212.3076923076923 1
487.6923076923077 212.3076923076923 1
487.6923076923077 212.3076923076923 1
487.6923076923077 212.3076923076923 1
481.5384615384616 213.46153846153842 1
478.46153846153845 214.61538461538458 1
432.3076923076923 221.53846153846158 1
410.76923076923083 215.7692307692308 1
386.1538461538461 244.61538461538458 1
330.76923076923083 285.0 1
301.53846153846155 306.92307692307685 1
295.38461538461536 305.76923076923083 1
292.3076923076923 304.61538461538464 1
289.23076923076917 300.0 1
289.23076923076917 300.0 1
289.23076923076917 300.0 1
289.23076923076917 300.0 1
292.3076923076923 300.0 1
261.53846153846155 312.6923076923077 1
212.3076923076923 316.15384615384613 1
201.53846153846158 312.6923076923077 1
193.84615384615384 316.15384615384613 1
158.46153846153842 327.6923076923077 1
149.23076923076925 330.0 1
143.0769230769231 331.15384615384613 1
146.15384615384616 334.61538461538464 1
146.15384615384616 334.61538461538464 1
146.15384615384616 334.61538461538464 1
146.15384615384616 334.61538461538464 1
147.69230769230768 330.0 1
147.69230769230768 330.0 1
149.23076923076925 330.0 1
149.23076923076925 330.0 1
149.23076923076925 332.3076923076923 1
135.38461538461542 334.61538461538464 1
135.38461538461542 334.61538461538464 1
133.84615384615384 334.61538461538464 1
133.84615384615384 334.61538461538464 1
133.84615384615384 334.61538461538464 1
133.84615384615384 334.61538461538464 1
133.84615384615384 334.61538461538464 1
133.84615384615384 333.46153846153845 1
133.84615384615384 333.46153846153845 1
133.84615384615384 333.46153846153845 1
133.84615384615384 333.46153846153845 1
133.84615384615384 333.46153846153845 1
161.53846153846158 327.6923076923077 1
244.61538461538458 291.92307692307685 1
278.46153846153845 300.0 1
280.0 300.0 1
280.0 300.0 1
295.38461538461536 298.84615384615387 1
338.46153846153845 283.84615384615387 1
336.92307692307685 285.0 1
338.46153846153845 283.84615384615387 1
338.46153846153845 283.84615384615387 1
338.46153846153845 283.84615384615387 1
335.38461538461536 281.53846153846155 1
335.38461538461536 281.53846153846155 1
340.0 282.6923076923077 1
340.0 282.6923076923077 1
340.0 282.6923076923077 1
341.53846153846155 282.6923076923077 1
343.07692307692315 281.53846153846155 1
341.53846153846155 276.9230769230769 1
341.53846153846155 276.9230769230769 1
341.53846153846155 276.9230769230769 1
344.6153846153846 276.9230769230769 1
290.76923076923083 297.6923076923077 1
278.46153846153845 295.38461538461536 1
278.46153846153845 293.07692307692315 1
278.46153846153845 293.07692307692315 1
278.46153846153845 296.53846153846155 1
240.0 296.53846153846155 1
236.9230769230769 296.53846153846155 1
236.9230769230769 296.53846153846155 1
236.9230769230769 295.38461538461536 1
235.38461538461542 293.07692307692315 1
235.38461538461542 293.07692307692315 1
235.38461538461542 293.07692307692315 1
235.38461538461542 293.07692307692315 1
235.38461538461542 293.07692307692315 1
233.84615384615384 291.92307692307685 1
233.84615384615384 291.92307692307685 1
233.84615384615384 291.92307692307685 1
233.84615384615384 291.92307692307685 1
233.84615384615384 291.92307692307685 1
233.84615384615384 291.92307692307685 1
233.84615384615384 291.92307692307685 1
233.84615384615384 291.92307692307685 1
233.84615384615384 291.92307692307685 1
233.84615384615384 291.92307692307685 1
233.84615384615384 291.92307692307685 1
233.84615384615384 290.76923076923083 1
233.84615384615384 290.76923076923083 1
233.84615384615384 290.76923076923083 1
241.53846153846158 288.46153846153845 1
315.38461538461536 283.84615384615387 1
326.15384615384613 280.38461538461536 1
326.15384615384613 280.38461538461536 1
326.15384615384613 279.23076923076917 1
326.15384615384613 279.23076923076917 1
326.15384615384613 279.23076923076917 1
326.15384615384613 280.38461538461536 1
326.15384615384613 280.38461538461536 1
326.15384615384613 280.38461538461536 1
326.15384615384613 280.38461538461536 1
326.15384615384613 280.38461538461536 1
326.15384615384613 280.38461538461536 1
326.15384615384613 280.38461538461536 1
326.15384615384613 280.38461538461536 1
326.15384615384613 280.38461538461536 1
324.61538461538464 279.23076923076917 1
324.61538461538464 279.23076923076917 1
300.0 288.46153846153845 1
232.3076923076923 302.3076923076923 1
218.46153846153842 305.76923076923083 1
218.46153846153842 305.76923076923083 1
218.46153846153842 305.76923076923083 1
218.46153846153842 305.76923076923083 1
218.46153846153842 305.76923076923083 1
218.46153846153842 305.76923076923083 1
218.46153846153842 305.76923076923083 1
218.46153846153842 304.61538461538464 1
218.46153846153842 304.61538461538464 1
218.46153846153842 304.61538461538464 1
223.0769230769231 300.0 1
227.6923076923077 300.0 1
227.6923076923077 300.0 1
227.6923076923077 300.0 1
227.6923076923077 300.0 1
227.6923076923077 300.0 1
227.6923076923077 300.0 1
227.6923076923077 300.0 1
227.6923076923077 300.0 1
227.6923076923077 300.0 1
227.6923076923077 300.0 1
227.6923076923077 300.0 1
235.38461538461542 297.6923076923077 1
276.9230769230769 286.15384615384613 1
275.38461538461536 282.6923076923077 1
281.53846153846155 268.84615384615387 1
275.38461538461536 270.0 1
275.38461538461536 270.0 1
275.38461538461536 270.0 1
275.38461538461536 270.0 1
275.38461538461536 264.23076923076917 1
278.46153846153845 268.84615384615387 1
278.46153846153845 268.84615384615387 1
278.46153846153845 267.6923076923077 1
278.46153846153845 267.6923076923077 1
278.46153846153845 267.6923076923077 1
278.46153846153845 267.6923076923077 1
276.9230769230769 267.6923076923077 1
276.9230769230769 266.53846153846155 1
276.9230769230769 266.53846153846155 1
275.38461538461536 267.6923076923077 1
275.38461538461536 267.6923076923077 1
275.38461538461536 267.6923076923077 1
275.38461538461536 267.6923076923077 1
275.38461538461536 267.6923076923077 1
275.38461538461536 267.6923076923077 1
275.38461538461536 267.6923076923077 1
275.38461538461536 300.0 0
284.61538461538464 323.07692307692315 1
286.15384615384613 325.38461538461536 1
286.15384615384613 325.38461538461536 1
286.15384615384613 325.38461538461536 1
286.15384615384613 325.38461538461536 1
286.15384615384613 325.38461538461536 1
286.15384615384613 325.38461538461536 1
286.15384615384613 325.38461538461536 1
286.15384615384613 320.76923076923083 1
278.46153846153845 313.84615384615387 0
278.46153846153845 312.6923076923077 0
278.46153846153845 312.6923076923077 0
286.15384615384613 323.07692307692315 1
286.15384615384613 323.07692307692315 1
286.15384615384613 323.07692307692315 1
286.15384615384613 323.07692307692315 1
286.15384615384613 323.07692307692315 1
286.15384615384613 323.07692307692315 1
286.15384615384613 320.76923076923083 1
286.15384615384613 320.76923076923083 1
286.15384615384613 320.76923076923083 1
286.15384615384613 320.76923076923083 1
286.15384615384613 320.76923076923083 1
286.15384615384613 320.76923076923083 1
286.15384615384613 320.76923076923083 1
286.15384615384613 320.76923076923083 1
286.15384615384613 320.76923076923083 1
286.15384615384613 320.76923076923083 1
286.15384615384613 320.76923076923083 1
286.15384615384613 323.07692307692315 1
298.46153846153845 323.07692307692315 1
346.15384615384613 310.38461538461536 1
346.15384615384613 306.92307692307685 1
343.07692307692315 306.92307692307685 1
343.07692307692315 306.92307692307685 1
343.07692307692315 306.92307692307685 1
343.07692307692315 306.92307692307685 1
343.07692307692315 306.92307692307685 1
343.07692307692315 306.92307692307685 1
343.07692307692315 290.76923076923083 1
341.53846153846155 285.0 1
341.53846153846155 285.0 1
340.0 285.0 1
340.0 285.0 1
340.0 285.0 1
340.0 285.0 1
340.0 285.0 1
340.0 285.0 1
336.92307692307685 287.3076923076923 1
286.15384615384613 287.3076923076923 1
232.3076923076923 294.23076923076917 1
232.3076923076923 294.23076923076917 1
232.3076923076923 294.23076923076917 1
230.7692307692308 294.23076923076917 1
224.61538461538458 294.23076923076917 1
224.61538461538458 294.23076923076917 1
221.53846153846158 290.76923076923083 1
221.53846153846158 290.76923076923083 1
221.53846153846158 290.76923076923083 1
220.0 290.76923076923083 1
218.46153846153842 290.76923076923083 1
218.46153846153842 290.76923076923083 1
218.46153846153842 290.76923076923083 1
215.38461538461542 291.92307692307685 1
215.38461538461542 291.92307692307685 1
215.38461538461542 291.92307692307685 1
226.15384615384616 265.38461538461536 1
224.61538461538458 265.38461538461536 1
224.61538461538458 265.38461538461536 1
224.61538461538458 265.38461538461536 1
224.61538461538458 265.38461538461536 1
229.23076923076923 256.15384615384613 1
255.38461538461542 241.15384615384616 0
290.76923076923083 255.0 1
290.76923076923083 253.84615384615384 1
290.76923076923083 253.84615384615384 1
290.76923076923083 253.84615384615384 1
290.76923076923083 253.84615384615384 1
290.76923076923083 253.84615384615384 1
290.76923076923083 253.84615384615384 1
287.6923076923077 253.84615384615384 1
278.46153846153845 259.61538461538464 1
278.46153846153845 259.61538461538464 1
278.46153846153845 259.61538461538464 1
278.46153846153845 259.61538461538464 1
278.46153846153845 259.61538461538464 1
278.46153846153845 259.61538461538464 1
278.46153846153845 259.61538461538464 1
278.46153846153845 259.61538461538464 1
283.07692307692315 263.0769230769231 1
312.3076923076923 255.0 1
387.6923076923077 243.46153846153842 1
433.8461538461538 242.3076923076923 1
464.6153846153846 244.61538461538458 1
475.3846153846154 245.7692307692308 1
475.3846153846154 245.7692307692308 1
475.3846153846154 245.7692307692308 1
475.3846153846154 245.7692307692308 1
475.3846153846154 245.7692307692308 1
480.0 245.7692307692308 1
496.92307692307685 256.15384615384613 1
498.46153846153845 256.15384615384613 1
498.46153846153845 256.15384615384613 1
498.46153846153845 256.15384615384613 1
498.46153846153845 256.15384615384613 1
498.46153846153845 256.15384615384613 1
498.46153846153845 256.15384615384613 1
498.46153846153845 256.15384615384613 1
498.46153846153845 256.15384615384613 1
498.46153846153845 256.15384615384613 1
498.46153846153845 256.15384615384613 1
498.46153846153845 256.15384615384613 1
498.46153846153845 256.15384615384613 1
498.46153846153845 256.15384615384613 1
460.0 257.3076923076923 1
369.23076923076917 265.38461538461536 1
304.61538461538464 276.9230769230769 1
300.0 276.9230769230769 1
296.92307692307685 275.76923076923083 1
296.92307692307685 274.61538461538464 1
296.92307692307685 274.61538461538464 1
280.0 281.53846153846155 1
232.3076923076923 306.92307692307685 1
190.7692307692308 309.23076923076917 1
144.61538461538458 316.15384615384613 1
127.69230769230771 320.76923076923083 1
123.07692307692308 324.23076923076917 1
121.53846153846152 324.23076923076917 1
121.53846153846152 324.23076923076917 1
121.53846153846152 324.23076923076917 1
121.53846153846152 324.23076923076917 1
121.53846153846152 324.23076923076917 1
121.53846153846152 324.23076923076917 1
121.53846153846152 324.23076923076917 1
121.53846153846152 324.23076923076917 1
121.53846153846152 324.23076923076917 1
121.53846153846152 324.23076923076917 1
121.53846153846152 324.23076923076917 1
121.53846153846152 324.23076923076917 1
121.53846153846152 324.23076923076917 1
121.53846153846152 324.23076923076917 1
121.53846153846152 324.23076923076917 1
121.53846153846152 323.07692307692315 1
180.0 311.53846153846155 1
249.23076923076923 294.23076923076917 1
261.53846153846155 287.3076923076923 1
269.23076923076917 294.23076923076917 1
269.23076923076917 293.07692307692315 1
266.15384615384613 289.61538461538464 1
266.15384615384613 289.61538461538464 1
315.38461538461536 290.76923076923083 1
383.07692307692315 272.3076923076923 1
430.76923076923083 275.76923076923083 1
461.5384615384616 281.53846153846155 1
470.76923076923083 281.53846153846155 1
470.76923076923083 281.53846153846155 1
466.1538461538461 281.53846153846155 1
486.1538461538461 281.53846153846155 1
500.0 281.53846153846155 1
500.0 276.9230769230769 1
500.0 276.9230769230769 1
500.0 274.61538461538464 1
500.0 274.61538461538464 1
500.0 274.61538461538464 1
500.0 274.61538461538464 1
500.0 274.61538461538464 1
498.46153846153845 274.61538461538464 1
496.92307692307685 273.46153846153845 1
496.92307692307685 273.46153846153845 1
492.3076923076923 270.0 1
492.3076923076923 270.0 1
492.3076923076923 270.0 1
492.3076923076923 270.0 1
484.6153846153846 273.46153846153845 1
401.5384615384616 260.76923076923083 1
318.46153846153845 252.6923076923077 0
320.0 252.6923076923077 0
247.6923076923077 266.53846153846155 0
238.46153846153842 280.38461538461536 0
240.0 280.38461538461536 1
243.0769230769231 280.38461538461536 1
243.0769230769231 280.38461538461536 1
243.0769230769231 280.38461538461536 1
243.0769230769231 280.38461538461536 1
243.0769230769231 280.38461538461536 1
238.46153846153842 287.3076923076923 1
183.0769230769231 306.92307692307685 1
150.76923076923075 316.15384615384613 1
129.23076923076923 323.07692307692315 1
118.46153846153848 326.53846153846155 1
116.92307692307692 326.53846153846155 1
116.92307692307692 326.53846153846155 1
116.92307692307692 326.53846153846155 1
113.84615384615385 327.6923076923077 1
113.84615384615385 324.23076923076917 1
113.84615384615385 324.23076923076917 1
113.84615384615385 325.38461538461536 1
113.84615384615385 325.38461538461536 1
113.84615384615385 325.38461538461536 1
113.84615384615385 325.38461538461536 1
113.84615384615385 325.38461538461536 1
113.84615384615385 325.38461538461536 1
113.84615384615385 325.38461538461536 1
113.84615384615385 315.0 1
158.46153846153842 291.92307692307685 1
206.15384615384616 271.15384615384613 0
273.84615384615387 336.92307692307685 0
270.76923076923083 323.07692307692315 0
278.46153846153845 301.15384615384613 1
278.46153846153845 297.6923076923077 1
278.46153846153845 297.6923076923077 1
278.46153846153845 297.6923076923077 1
278.46153846153845 293.07692307692315 1
278.46153846153845 293.07692307692315 1
278.46153846153845 293.07692307692315 1
278.46153846153845 289.61538461538464 1
278.46153846153845 289.61538461538464 1
278.46153846153845 289.61538461538464 1
278.46153846153845 289.61538461538464 1
278.46153846153845 289.61538461538464 1
278.46153846153845 289.61538461538464 1
292.3076923076923 286.15384615384613 1
364.6153846153846 276.9230769230769 1
415.3846153846154 280.38461538461536 1
456.92307692307685 283.84615384615387 1
473.8461538461538 285.0 1
480.0 285.0 1
480.0 285.0 1
480.0 285.0 1
480.0 285.0 1
480.0 285.0 1
480.0 285.0 1
480.0 285.0 1
480.0 285.0 1
480.0 285.0 1
478.46153846153845 285.0 1
478.46153846153845 285.0 1
478.46153846153845 285.0 1
478.46153846153845 285.0 1
478.46153846153845 285.0 1
478.46153846153845 285.0 1
478.46153846153845 285.0 1
423.07692307692315 289.61538461538464 1
333.84615384615387 295.38461538461536 1
307.6923076923077 297.6923076923077 1
300.0 297.6923076923077 1
300.0 296.53846153846155 1
300.0 296.53846153846155 1
300.0 296.53846153846155 1
300.0 296.53846153846155 1
298.46153846153845 295.38461538461536 1
287.6923076923077 297.6923076923077 1
284.61538461538464 297.6923076923077 1
284.61538461538464 297.6923076923077 1
284.61538461538464 297.6923076923077 1
287.6923076923077 298.84615384615387 1
273.84615384615387 298.84615384615387 1
204.61538461538458 303.46153846153845 1
158.46153846153842 303.46153846153845 1
129.23076923076923 302.3076923076923 1
113.84615384615385 309.23076923076917 1
109.23076923076924 312.6923076923077 1
109.23076923076924 312.6923076923077 1
109.23076923076924 312.6923076923077 1
109.23076923076924 312.6923076923077 1
109.23076923076924 312.6923076923077 1
109.23076923076924 312.6923076923077 1
109.23076923076924 312.6923076923077 1
109.23076923076924 311.53846153846155 1
112.30769230769229 311.53846153846155 1
113.84615384615385 311.53846153846155 1
113.84615384615385 311.53846153846155 1
113.84615384615385 310.38461538461536 1
144.61538461538458 291.92307692307685 1
229.23076923076923 273.46153846153845 1
295.38461538461536 272.3076923076923 1
300.0 268.84615384615387 1
295.38461538461536 267.6923076923077 1
295.38461538461536 267.6923076923077 1
295.38461538461536 267.6923076923077 1
295.38461538461536 267.6923076923077 1
289.23076923076917 267.6923076923077 1
284.61538461538464 235.38461538461542 1
275.38461538461536 225.0 1
269.23076923076917 211.15384615384616 1
269.23076923076917 166.15384615384616 1
269.23076923076917 159.23076923076925 1
261.53846153846155 158.0769230769231 1
261.53846153846155 158.0769230769231 1
261.53846153846155 158.0769230769231 1
261.53846153846155 159.23076923076925 1
261.53846153846155 160.38461538461542 1
261.53846153846155 160.38461538461542 1
258.46153846153845 160.38461538461542 1
258.46153846153845 160.38461538461542 1
258.46153846153845 160.38461538461542 1
258.46153846153845 160.38461538461542 1
258.46153846153845 160.38461538461542 1
258.46153846153845 160.38461538461542 1
258.46153846153845 160.38461538461542 1
258.46153846153845 160.38461538461542 1
258.46153846153845 160.38461538461542 1
261.53846153846155 175.38461538461542 1
272.3076923076923 233.0769230769231 1
287.6923076923077 266.53846153846155 1
283.07692307692315 270.0 1
278.46153846153845 270.0 1
278.46153846153845 270.0 1
278.46153846153845 270.0 1
278.46153846153845 270.0 1
278.46153846153845 270.0 1
278.46153846153845 270.0 1
293.84615384615387 289.61538461538464 1
289.23076923076917 297.6923076923077 1
289.23076923076917 296.53846153846155 1
321.53846153846155 304.61538461538464 1
396.92307692307685 313.84615384615387 1
429.23076923076917 330.0 1
441.5384615384616 336.92307692307685 1
446.1538461538461 338.07692307692315 1
440.0 335.76923076923083 1
440.0 335.76923076923083 1
432.3076923076923 335.76923076923083 1
340.0 341.53846153846155 1
307.6923076923077 350.76923076923083 1
307.6923076923077 347.3076923076923 1
301.53846153846155 341.53846153846155 1
301.53846153846155 341.53846153846155 1
301.53846153846155 341.53846153846155 1
301.53846153846155 341.53846153846155 1
301.53846153846155 341.53846153846155 1
301.53846153846155 341.53846153846155 1
301.53846153846155 341.53846153846155 1
301.53846153846155 341.53846153846155 1
301.53846153846155 341.53846153846155 1
301.53846153846155 341.53846153846155 1
301.53846153846155 343.84615384615387 1
301.53846153846155 343.84615384615387 1
301.53846153846155 343.84615384615387 1
301.53846153846155 343.84615384615387 1
293.84615384615387 339.23076923076917 1
292.3076923076923 336.92307692307685 1
290.76923076923083 335.76923076923083 1
283.07692307692315 365.76923076923083 1
281.53846153846155 386.5384615384616 1
281.53846153846155 400.3846153846154 1
281.53846153846155 401.5384615384616 1
281.53846153846155 401.5384615384616 1
281.53846153846155 401.5384615384616 1
281.53846153846155 400.3846153846154 1
281.53846153846155 400.3846153846154 1
281.53846153846155 400.3846153846154 1
278.46153846153845 402.6923076923077 1
278.46153846153845 402.6923076923077 1
278.46153846153845 408.46153846153845 1
278.46153846153845 410.76923076923083 1
278.46153846153845 414.23076923076917 1
278.46153846153845 415.3846153846154 1
280.0 415.3846153846154 1
280.0 415.3846153846154 1
280.0 415.3846153846154 1
280.0 415.3846153846154 1
280.0 415.3846153846154 1
280.0 415.3846153846154 1
280.0 415.3846153846154 1
280.0 415.3846153846154 1
280.0 415.3846153846154 1
280.0 415.3846153846154 1
280.0 415.3846153846154 1
280.0 415.3846153846154 1
280.0 415.3846153846154 1
280.0 415.3846153846154 1
280.0 415.3846153846154 1
280.0 415.3846153846154 1
280.0 415.3846153846154 1
280.0 415.3846153846154 1
280.0 415.3846153846154 1
280.0 415.3846153846154 1
280.0 415.3846153846154 1
280.0 415.3846153846154 1
280.0 415.3846153846154 1
284.61538461538464 400.3846153846154 1
287.6923076923077 377.3076923076923 1
287.6923076923077 368.07692307692315 1
284.61538461538464 364.6153846153846 1
284.61538461538464 363.46153846153845 1
283.07692307692315 369.23076923076917 1
289.23076923076917 340.38461538461536 1
295.38461538461536 315.0 1
293.84615384615387 309.23076923076917 1
287.6923076923077 312.6923076923077 1
287.6923076923077 312.6923076923077 1
290.76923076923083 315.0 1
290.76923076923083 315.0 1
289.23076923076917 310.38461538461536 1
292.3076923076923 263.0769230769231 1
287.6923076923077 261.9230769230769 1
284.61538461538464 261.9230769230769 1
290.76923076923083 265.38461538461536 1
333.84615384615387 248.0769230769231 1
386.1538461538461 241.15384615384616 1
415.3846153846154 246.9230769230769 1
438.46153846153845 249.23076923076923 1
443.07692307692315 251.53846153846158 1
443.07692307692315 251.53846153846158 1
443.07692307692315 251.53846153846158 1
443.07692307692315 251.53846153846158 1
463.07692307692315 266.53846153846155 1
489.23076923076917 278.0769230769231 1
498.46153846153845 282.6923076923077 1
498.46153846153845 280.38461538461536 1
498.46153846153845 280.38461538461536 1
503.07692307692315 281.53846153846155 1
503.07692307692315 285.0 1
503.07692307692315 285.0 1
503.07692307692315 285.0 1
503.07692307692315 285.0 1
503.07692307692315 285.0 1
503.07692307692315 285.0 1
503.07692307692315 285.0 1
483.07692307692315 285.0 1
389.23076923076917 289.61538461538464 1
313.84615384615387 297.6923076923077 1
301.53846153846155 298.84615384615387 1
298.46153846153845 298.84615384615387 1
298.46153846153845 298.84615384615387 1
298.46153846153845 298.84615384615387 1
293.84615384615387 295.38461538461536 1
293.84615384615387 295.38461538461536 1
293.84615384615387 295.38461538461536 1
293.84615384615387 295.38461538461536 1
293.84615384615387 294.23076923076917 1
293.84615384615387 290.76923076923083 1
293.84615384615387 290.76923076923083 1
293.84615384615387 290.76923076923083 0
293.84615384615387 290.76923076923083 0
293.84615384615387 290.76923076923083 0
293.84615384615387 290.76923076923083 0
293.84615384615387 290.76923076923083 0
293.84615384615387 290.76923076923083 0
293.84615384615387 290.76923076923083 0
293.84615384615387 290.76923076923083 0
293.84615384615387 290.76923076923083 0
289.23076923076917 290.76923076923083 0
284.61538461538464 286.15384615384613 1
284.61538461538464 286.15384615384613 1
284.61538461538464 286.15384615384613 1
284.61538461538464 286.15384615384613 1
284.61538461538464 286.15384615384613 1
284.61538461538464 286.15384615384613 1
284.61538461538464 286.15384615384613 1
284.61538461538464 286.15384615384613 1
284.61538461538464 286.15384615384613 1
284.61538461538464 286.15384615384613 1
284.61538461538464 286.15384615384613 1
284.61538461538464 286.15384615384613 1
284.61538461538464 287.3076923076923 1
284.61538461538464 287.3076923076923 1
284.61538461538464 287.3076923076923 1
284.61538461538464 287.3076923076923 1
284.61538461538464 287.3076923076923 1
284.61538461538464 287.3076923076923 1
284.61538461538464 287.3076923076923 1
284.61538461538464 287.3076923076923 1
284.61538461538464 287.3076923076923 1
283.07692307692315 287.3076923076923 1
281.53846153846155 293.07692307692315 1
281.53846153846155 293.07692307692315 1
281.53846153846155 293.07692307692315 1
281.53846153846155 293.07692307692315 1
281.53846153846155 293.07692307692315 1
281.53846153846155 293.07692307692315 1
281.53846153846155 293.07692307692315 1
281.53846153846155 293.07692307692315 1
281.53846153846155 293.07692307692315 1
281.53846153846155 293.07692307692315 1
281.53846153846155 294.23076923076917 1
281.53846153846155 295.38461538461536 1
281.53846153846155 295.38461538461536 1
281.53846153846155 295.38461538461536 1
281.53846153846155 288.46153846153845 1
281.53846153846155 288.46153846153845 0
281.53846153846155 288.46153846153845 0
281.53846153846155 288.46153846153845 0
280.0 288.46153846153845 1
280.0 288.46153846153845 1
280.0 288.46153846153845 1
280.0 288.46153846153845 1
280.0 290.76923076923083 1
280.0 290.76923076923083 1
280.0 290.76923076923083 1
280.0 290.76923076923083 1
280.0 290.76923076923083 1
280.0 290.76923076923083 1
280.0 290.76923076923083 1
280.0 290.76923076923083 1
280.0 290.76923076923083 1
280.0 290.76923076923083 1
280.0 290.76923076923083 1
280.0 290.76923076923083 1
280.0 290.76923076923083 1
280.0 290.76923076923083 1
280.0 290.76923076923083 1
280.0 290.76923076923083 1
280.0 290.76923076923083 1
280.0 290.76923076923083 1
280.0 290.76923076923083 1
280.0 290.76923076923083 1
280.0 290.76923076923083 1
280.0 290.76923076923083 1
296.92307692307685 317.3076923076923 1
290.76923076923083 320.76923076923083 1
290.76923076923083 320.76923076923083 1
289.23076923076917 318.46153846153845 1
289.23076923076917 318.46153846153845 1
289.23076923076917 320.76923076923083 1
289.23076923076917 320.76923076923083 1
289.23076923076917 320.76923076923083 1
287.6923076923077 296.53846153846155 1
289.23076923076917 294.23076923076917 1
286.15384615384613 294.23076923076917 1
286.15384615384613 294.23076923076917 1
263.0769230769231 302.3076923076923 1
195.38461538461542 302.3076923076923 1
158.46153846153842 306.92307692307685 1
144.61538461538458 308.07692307692315 1
144.61538461538458 308.07692307692315 1
141.53846153846158 309.23076923076917 1
141.53846153846158 309.23076923076917 1
129.23076923076923 313.84615384615387 1
120.0 317.3076923076923 1
116.92307692307692 318.46153846153845 1
116.92307692307692 318.46153846153845 1
116.92307692307692 318.46153846153845 1
116.92307692307692 318.46153846153845 1
116.92307692307692 318.46153846153845 1
116.92307692307692 318.46153846153845 1
116.92307692307692 318.46153846153845 1
116.92307692307692 318.46153846153845 1
116.92307692307692 318.46153846153845 1
116.92307692307692 318.46153846153845 1
116.92307692307692 318.46153846153845 1
116.92307692307692 318.46153846153845 1
116.92307692307692 317.3076923076923 1
167.69230769230768 306.92307692307685 1
250.7692307692308 298.84615384615387 1
300.0 288.46153846153845 1
287.6923076923077 287.3076923076923 1
287.6923076923077 287.3076923076923 1
287.6923076923077 287.3076923076923 1
287.6923076923077 287.3076923076923 1
287.6923076923077 287.3076923076923 1
287.6923076923077 287.3076923076923 1
287.6923076923077 287.3076923076923 1
300.0 283.84615384615387 1
364.6153846153846 279.23076923076917 1
406.1538461538461 279.23076923076917 1
441.5384615384616 289.61538461538464 1
464.6153846153846 300.0 1
478.46153846153845 301.15384615384613 1
478.46153846153845 301.15384615384613 1
478.46153846153845 301.15384615384613 1
478.46153846153845 298.84615384615387 1
476.92307692307685 298.84615384615387 1
476.92307692307685 298.84615384615387 1
476.92307692307685 298.84615384615387 1
476.92307692307685 298.84615384615387 1
476.92307692307685 298.84615384615387 1
476.92307692307685 298.84615384615387 1
495.3846153846154 306.92307692307685 1
500.0 310.38461538461536 1
500.0 310.38461538461536 1
500.0 310.38461538461536 1
490.76923076923083 313.84615384615387 1
430.76923076923083 311.53846153846155 1
340.0 296.53846153846155 1
312.3076923076923 297.6923076923077 1
307.6923076923077 296.53846153846155 1
303.07692307692315 291.92307692307685 1
303.07692307692315 291.92307692307685 1
300.0 288.46153846153845 1
289.23076923076917 290.76923076923083 0
278.46153846153845 300.0 0
278.46153846153845 300.0 1
278.46153846153845 300.0 1
278.46153846153845 300.0 1
278.46153846153845 300.0 1
278.46153846153845 300.0 1
281.53846153846155 301.15384615384613 1
281.53846153846155 301.15384615384613 1
281.53846153846155 300.0 1
281.53846153846155 298.84615384615387 1
281.53846153846155 298.84615384615387 1
289.23076923076917 302.3076923076923 1
327.6923076923077 305.76923076923083 1
340.0 310.38461538461536 1
329.23076923076917 306.92307692307685 1
329.23076923076917 306.92307692307685 1
329.23076923076917 306.92307692307685 1
336.92307692307685 309.23076923076917 1
336.92307692307685 309.23076923076917 1
336.92307692307685 309.23076923076917 1
336.92307692307685 309.23076923076917 1
336.92307692307685 309.23076923076917 1
336.92307692307685 309.23076923076917 1
336.92307692307685 309.23076923076917 1
336.92307692307685 309.23076923076917 1
336.92307692307685 309.23076923076917 1
336.92307692307685 309.23076923076917 1
335.38461538461536 315.0 1
292.3076923076923 317.3076923076923 1
287.6923076923077 316.15384615384613 1
287.6923076923077 316.15384615384613 1
287.6923076923077 315.0 1
