253.84615384615384 285.0 1
255.38461538461542 283.84615384615387 1
255.38461538461542 283.84615384615387 1
255.38461538461542 283.84615384615387 1
255.38461538461542 283.84615384615387 1
255.38461538461542 283.84615384615387 1
255.38461538461542 283.84615384615387 1
255.38461538461542 283.84615384615387 1
255.38461538461542 283.84615384615387 1
255.38461538461542 283.84615384615387 1
255.38461538461542 283.84615384615387 1
255.38461538461542 283.84615384615387 1
255.38461538461542 283.84615384615387 1
255.38461538461542 283.84615384615387 1
255.38461538461542 283.84615384615387 1
255.38461538461542 283.84615384615387 1
255.38461538461542 283.84615384615387 1
298.46153846153845 261.9230769230769 1
350.76923076923083 235.38461538461542 1
409.23076923076917 228.46153846153842 1
450.76923076923083 237.6923076923077 1
469.23076923076917 241.15384615384616 1
469.23076923076917 241.15384615384616 1
469.23076923076917 241.15384615384616 1
469.23076923076917 241.15384615384616 1
469.23076923076917 241.15384615384616 1
469.23076923076917 241.15384615384616 1
469.23076923076917 241.15384615384616 1
469.23076923076917 241.15384615384616 1
469.23076923076917 241.15384615384616 1
469.23076923076917 241.15384615384616 1
469.23076923076917 241.15384615384616 1
469.23076923076917 241.15384615384616 1
469.23076923076917 241.15384615384616 1
469.23076923076917 241.15384615384616 1
469.23076923076917 241.15384615384616 1
469.23076923076917 241.15384615384616 1
469.23076923076917 241.15384615384616 1
469.23076923076917 241.15384615384616 1
469.23076923076917 241.15384615384616 1
469.23076923076917 241.15384615384616 1
469.23076923076917 241.15384615384616 1
469.23076923076917 241.15384615384616 1
469.23076923076917 241.15384615384616 1
406.1538461538461 251.53846153846158 1
326.15384615384613 268.84615384615387 1
303.07692307692315 278.0769230769231 1
300.0 272.3076923076923 1
300.0 272.3076923076923 1
300.0 272.3076923076923 1
300.0 272.3076923076923 1
300.0 272.3076923076923 1
276.9230769230769 289.61538461538464 1
270.76923076923083 290.76923076923083 1
273.84615384615387 293.07692307692315 1
273.84615384615387 293.07692307692315 1
273.84615384615387 293.07692307692315 1
273.84615384615387 293.07692307692315 1
273.84615384615387 293.07692307692315 1
273.84615384615387 293.07692307692315 1
273.84615384615387 293.07692307692315 1
269.23076923076917 287.3076923076923 1
267.6923076923077 289.61538461538464 1
267.6923076923077 289.61538461538464 1
267.6923076923077 289.61538461538464 1
267.6923076923077 289.61538461538464 1
267.6923076923077 289.61538461538464 1
267.6923076923077 289.61538461538464 1
267.6923076923077 289.61538461538464 1
263.0769230769231 295.38461538461536 1
256.9230769230769 290.76923076923083 1
256.9230769230769 294.23076923076917 1
267.6923076923077 289.61538461538464 1
201.53846153846158 308.07692307692315 1
160.0 320.76923076923083 1
138.46153846153842 336.92307692307685 1
127.69230769230771 327.6923076923077 1
127.69230769230771 327.6923076923077 1
127.69230769230771 332.3076923076923 1
127.69230769230771 332.3076923076923 1
127.69230769230771 332.3076923076923 1
127.69230769230771 332.3076923076923 1
127.69230769230771 332.3076923076923 1
127.69230769230771 332.3076923076923 1
127.69230769230771 332.3076923076923 1
127.69230769230771 332.3076923076923 1
127.69230769230771 332.3076923076923 1
127.69230769230771 332.3076923076923 1
127.69230769230771 332.3076923076923 1
127.69230769230771 332.3076923076923 1
127.69230769230771 332.3076923076923 1
127.69230769230771 332.3076923076923 1
127.69230769230771 332.3076923076923 1
127.69230769230771 332.3076923076923 1
127.69230769230771 332.3076923076923 1
127.69230769230771 332.3076923076923 1
127.69230769230771 332.3076923076923 1
127.69230769230771 332.3076923076923 1
127.69230769230771 332.3076923076923 1
127.69230769230771 332.3076923076923 1
127.69230769230771 332.3076923076923 1
127.69230769230771 332.3076923076923 1
127.69230769230771 332.3076923076923 1
127.69230769230771 332.3076923076923 1
127.69230769230771 332.3076923076923 1
127.69230769230771 332.3076923076923 1
127.69230769230771 332.3076923076923 1
127.69230769230771 332.3076923076923 1
127.69230769230771 332.3076923076923 1
136.9230769230769 330.0 1
201.53846153846158 313.84615384615387 1
238.46153846153842 302.3076923076923 1
241.53846153846158 297.6923076923077 1
243.0769230769231 297.6923076923077 1
243.0769230769231 297.6923076923077 1
243.0769230769231 297.6923076923077 1
243.0769230769231 297.6923076923077 1
266.15384615384613 288.46153846153845 1
267.6923076923077 283.84615384615387 1
266.15384615384613 291.92307692307685 1
266.15384615384613 291.92307692307685 1
266.15384615384613 291.92307692307685 1
263.0769230769231 290.76923076923083 1
270.76923076923083 282.6923076923077 1
264.61538461538464 290.76923076923083 0
264.61538461538464 290.76923076923083 0
255.38461538461542 288.46153846153845 1
255.38461538461542 288.46153846153845 1
255.38461538461542 288.46153846153845 1
255.38461538461542 288.46153846153845 1
255.38461538461542 288.46153846153845 1
255.38461538461542 288.46153846153845 1
255.38461538461542 288.46153846153845 1
255.38461538461542 288.46153846153845 1
255.38461538461542 288.46153846153845 1
255.38461538461542 288.46153846153845 1
255.38461538461542 288.46153846153845 1
255.38461538461542 288.46153846153845 1
255.38461538461542 288.46153846153845 1
255.38461538461542 288.46153846153845 1
255.38461538461542 288.46153846153845 1
255.38461538461542 294.23076923076917 1
255.38461538461542 288.46153846153845 1
269.23076923076917 286.15384615384613 1
341.53846153846155 263.0769230769231 1
401.5384615384616 253.84615384615384 1
440.0 256.15384615384613 1
456.92307692307685 255.0 1
458.46153846153845 256.15384615384613 1
464.6153846153846 257.3076923076923 1
464.6153846153846 257.3076923076923 1
463.07692307692315 257.3076923076923 1
476.92307692307685 250.38461538461542 1
487.6923076923077 243.46153846153842 1
487.6923076923077 243.46153846153842 1
487.6923076923077 243.46153846153842 1
487.6923076923077 243.46153846153842 1
487.6923076923077 243.46153846153842 1
487.6923076923077 243.46153846153842 1
493.8461538461538 238.84615384615384 1
489.23076923076917 242.3076923076923 1
489.23076923076917 242.3076923076923 1
489.23076923076917 240.0 1
489.23076923076917 237.6923076923077 1
484.6153846153846 237.6923076923077 1
487.6923076923077 236.53846153846158 1
487.6923076923077 236.53846153846158 1
487.6923076923077 236.53846153846158 1
487.6923076923077 243.46153846153842 1
493.8461538461538 228.46153846153842 1
489.23076923076917 227.3076923076923 1
489.23076923076917 227.3076923076923 1
489.23076923076917 227.3076923076923 1
496.92307692307685 234.23076923076923 1
489.23076923076917 227.3076923076923 1
489.23076923076917 227.3076923076923 1
489.23076923076917 227.3076923076923 1
489.23076923076917 227.3076923076923 1
496.92307692307685 236.53846153846158 1
501.5384615384616 241.15384615384616 1
489.23076923076917 236.53846153846158 1
489.23076923076917 236.53846153846158 1
489.23076923076917 236.53846153846158 1
489.23076923076917 236.53846153846158 1
489.23076923076917 236.53846153846158 1
493.8461538461538 243.46153846153842 1
489.23076923076917 236.53846153846158 1
489.23076923076917 236.53846153846158 1
489.23076923076917 236.53846153846158 1
489.23076923076917 236.53846153846158 1
489.23076923076917 236.53846153846158 1
489.23076923076917 236.53846153846158 1
489.23076923076917 236.53846153846158 1
489.23076923076917 236.53846153846158 1
489.23076923076917 236.53846153846158 1
489.23076923076917 236.53846153846158 1
489.23076923076917 236.53846153846158 1
489.23076923076917 236.53846153846158 1
489.23076923076917 237.6923076923077 1
489.23076923076917 240.0 1
489.23076923076917 240.0 1
489.23076923076917 240.0 1
489.23076923076917 240.0 1
489.23076923076917 240.0 1
489.23076923076917 240.0 1
487.6923076923077 244.61538461538458 1
487.6923076923077 241.15384615384616 1
487.6923076923077 241.15384615384616 1
487.6923076923077 240.0 1
487.6923076923077 240.0 1
487.6923076923077 240.0 1
489.23076923076917 235.38461538461542 1
472.3076923076923 238.84615384615384 1
400.0 214.61538461538458 1
306.15384615384613 221.53846153846158 1
255.38461538461542 236.53846153846158 1
255.38461538461542 230.7692307692308 1
255.38461538461542 230.7692307692308 1
255.38461538461542 230.7692307692308 1
255.38461538461542 230.7692307692308 1
240.0 193.84615384615384 1
238.46153846153842 184.61538461538458 1
240.0 192.6923076923077 1
240.0 192.6923076923077 1
235.38461538461542 191.53846153846158 1
235.38461538461542 191.53846153846158 1
235.38461538461542 191.53846153846158 1
230.7692307692308 180.0 1
230.7692307692308 180.0 1
230.7692307692308 180.0 1
230.7692307692308 180.0 1
230.7692307692308 180.0 1
233.84615384615384 178.84615384615384 0
233.84615384615384 178.84615384615384 0
233.84615384615384 178.84615384615384 1
233.84615384615384 168.46153846153842 1
235.38461538461542 180.0 1
243.0769230769231 180.0 1
241.53846153846158 189.23076923076923 1
246.15384615384616 189.23076923076923 1
247.6923076923077 189.23076923076923 1
253.84615384615384 192.6923076923077 1
263.0769230769231 196.15384615384616 1
261.53846153846155 193.84615384615384 1
260.0 197.3076923076923 1
250.7692307692308 200.7692307692308 1
258.46153846153845 198.46153846153842 1
258.46153846153845 198.46153846153842 1
264.61538461538464 197.3076923076923 1
266.15384615384613 197.3076923076923 1
270.76923076923083 197.3076923076923 1
278.46153846153845 193.84615384615384 1
278.46153846153845 193.84615384615384 1
278.46153846153845 193.84615384615384 1
278.46153846153845 198.46153846153842 1
278.46153846153845 199.61538461538458 1
273.84615384615387 201.9230769230769 1
273.84615384615387 201.9230769230769 1
272.3076923076923 206.53846153846158 1
272.3076923076923 201.9230769230769 1
264.61538461538464 207.6923076923077 1
264.61538461538464 204.23076923076923 1
261.53846153846155 206.53846153846158 1
261.53846153846155 206.53846153846158 1
261.53846153846155 206.53846153846158 1
261.53846153846155 205.38461538461542 1
261.53846153846155 205.38461538461542 1
267.6923076923077 205.38461538461542 1
272.3076923076923 204.23076923076923 1
275.38461538461536 204.23076923076923 1
275.38461538461536 208.84615384615384 1
275.38461538461536 205.38461538461542 1
272.3076923076923 198.46153846153842 1
263.0769230769231 196.15384615384616 1
260.0 195.0 1
258.46153846153845 192.6923076923077 1
255.38461538461542 185.7692307692308 1
255.38461538461542 186.9230769230769 1
252.3076923076923 186.9230769230769 1
252.3076923076923 186.9230769230769 1
252.3076923076923 186.9230769230769 1
252.3076923076923 186.9230769230769 1
252.3076923076923 186.9230769230769 1
252.3076923076923 186.9230769230769 1
253.84615384615384 189.23076923076923 1
253.84615384615384 185.7692307692308 1
253.84615384615384 185.7692307692308 1
253.84615384615384 185.7692307692308 1
253.84615384615384 185.7692307692308 1
258.46153846153845 182.3076923076923 1
258.46153846153845 182.3076923076923 1
260.0 182.3076923076923 1
263.0769230769231 182.3076923076923 1
263.0769230769231 182.3076923076923 1
263.0769230769231 182.3076923076923 1
258.46153846153845 184.61538461538458 1
258.46153846153845 180.0 1
258.46153846153845 180.0 1
256.9230769230769 180.0 1
255.38461538461542 181.15384615384616 1
255.38461538461542 180.0 1
255.38461538461542 180.0 1
253.84615384615384 181.15384615384616 1
253.84615384615384 185.7692307692308 1
253.84615384615384 185.7692307692308 1
253.84615384615384 185.7692307692308 1
253.84615384615384 185.7692307692308 1
253.84615384615384 185.7692307692308 1
253.84615384615384 185.7692307692308 1
272.3076923076923 242.3076923076923 1
293.84615384615387 293.07692307692315 1
287.6923076923077 287.3076923076923 1
287.6923076923077 287.3076923076923 1
287.6923076923077 287.3076923076923 1
287.6923076923077 287.3076923076923 1
287.6923076923077 308.07692307692315 1
287.6923076923077 308.07692307692315 1
287.6923076923077 308.07692307692315 1
287.6923076923077 308.07692307692315 1
287.6923076923077 308.07692307692315 1
289.23076923076917 324.23076923076917 1
289.23076923076917 324.23076923076917 1
289.23076923076917 324.23076923076917 1
300.0 331.15384615384613 1
300.0 339.23076923076917 1
300.0 334.61538461538464 1
301.53846153846155 335.76923076923083 1
304.61538461538464 335.76923076923083 1
313.84615384615387 335.76923076923083 1
313.84615384615387 335.76923076923083 1
323.07692307692315 332.3076923076923 1
332.3076923076923 327.6923076923077 1
340.0 327.6923076923077 1
349.23076923076917 316.15384615384613 1
352.3076923076923 319.61538461538464 1
355.3846153846154 306.92307692307685 1
355.3846153846154 296.53846153846155 1
360.0 305.76923076923083 1
363.07692307692315 305.76923076923083 1
366.1538461538461 309.23076923076917 1
364.6153846153846 303.46153846153845 1
369.23076923076917 301.15384615384613 1
369.23076923076917 304.61538461538464 1
369.23076923076917 304.61538461538464 1
369.23076923076917 315.0 1
369.23076923076917 315.0 1
363.07692307692315 321.92307692307685 1
358.46153846153845 321.92307692307685 1
350.76923076923083 321.92307692307685 1
350.76923076923083 318.46153846153845 1
358.46153846153845 325.38461538461536 1
358.46153846153845 325.38461538461536 1
358.46153846153845 328.84615384615387 1
358.46153846153845 332.3076923076923 1
353.84615384615387 328.84615384615387 1
352.3076923076923 321.92307692307685 1
346.15384615384613 327.6923076923077 1
346.15384615384613 327.6923076923077 1
344.6153846153846 339.23076923076917 1
344.6153846153846 333.46153846153845 1
344.6153846153846 330.0 1
346.15384615384613 327.6923076923077 1
338.46153846153845 334.61538461538464 1
346.15384615384613 327.6923076923077 1
335.38461538461536 332.3076923076923 1
332.3076923076923 330.0 1
330.76923076923083 335.76923076923083 1
332.3076923076923 330.0 1
326.15384615384613 325.38461538461536 1
332.3076923076923 330.0 1
332.3076923076923 330.0 1
316.92307692307685 325.38461538461536 1
312.3076923076923 325.38461538461536 1
312.3076923076923 321.92307692307685 1
321.53846153846155 321.92307692307685 1
323.07692307692315 317.3076923076923 1
327.6923076923077 313.84615384615387 1
327.6923076923077 317.3076923076923 1
326.15384615384613 304.61538461538464 1
326.15384615384613 304.61538461538464 1
329.23076923076917 312.6923076923077 1
332.3076923076923 309.23076923076917 1
332.3076923076923 313.84615384615387 1
332.3076923076923 310.38461538461536 1
327.6923076923077 304.61538461538464 1
323.07692307692315 291.92307692307685 0
326.15384615384613 294.23076923076917 0
326.15384615384613 294.23076923076917 1
326.15384615384613 286.15384615384613 1
326.15384615384613 286.15384615384613 1
326.15384615384613 283.84615384615387 1
324.61538461538464 283.84615384615387 1
324.61538461538464 283.84615384615387 1
324.61538461538464 278.0769230769231 1
324.61538461538464 278.0769230769231 1
320.0 293.07692307692315 1
315.38461538461536 295.38461538461536 1
315.38461538461536 295.38461538461536 1
315.38461538461536 291.92307692307685 1
315.38461538461536 289.61538461538464 1
315.38461538461536 289.61538461538464 1
315.38461538461536 289.61538461538464 1
315.38461538461536 289.61538461538464 1
315.38461538461536 289.61538461538464 1
315.38461538461536 289.61538461538464 1
318.46153846153845 293.07692307692315 1
326.15384615384613 311.53846153846155 1
321.53846153846155 313.84615384615387 1
321.53846153846155 313.84615384615387 1
321.53846153846155 311.53846153846155 1
321.53846153846155 308.07692307692315 1
321.53846153846155 308.07692307692315 1
318.46153846153845 308.07692307692315 1
318.46153846153845 308.07692307692315 1
318.46153846153845 308.07692307692315 1
318.46153846153845 315.0 1
318.46153846153845 315.0 1
318.46153846153845 312.6923076923077 1
323.07692307692315 319.61538461538464 1
320.0 316.15384615384613 1
321.53846153846155 320.76923076923083 1
315.38461538461536 317.3076923076923 1
320.0 332.3076923076923 1
320.0 323.07692307692315 1
321.53846153846155 318.46153846153845 1
321.53846153846155 318.46153846153845 1
321.53846153846155 318.46153846153845 1
321.53846153846155 316.15384615384613 1
321.53846153846155 316.15384615384613 1
321.53846153846155 316.15384615384613 1
321.53846153846155 316.15384615384613 1
315.38461538461536 317.3076923076923 1
352.3076923076923 312.6923076923077 1
407.6923076923077 301.15384615384613 1
438.46153846153845 306.92307692307685 1
449.23076923076917 303.46153846153845 1
464.6153846153846 305.76923076923083 1
469.23076923076917 305.76923076923083 1
469.23076923076917 305.76923076923083 1
469.23076923076917 305.76923076923083 1
469.23076923076917 305.76923076923083 1
469.23076923076917 305.76923076923083 1
469.23076923076917 305.76923076923083 1
469.23076923076917 305.76923076923083 1
469.23076923076917 305.76923076923083 1
469.23076923076917 305.76923076923083 1
478.46153846153845 303.46153846153845 1
480.0 301.15384615384613 1
480.0 301.15384615384613 1
480.0 301.15384615384613 1
480.0 301.15384615384613 1
480.0 301.15384615384613 1
415.3846153846154 310.38461538461536 1
332.3076923076923 321.92307692307685 1
321.53846153846155 308.07692307692315 1
315.38461538461536 308.07692307692315 1
315.38461538461536 308.07692307692315 1
315.38461538461536 308.07692307692315 1
315.38461538461536 308.07692307692315 1
303.07692307692315 308.07692307692315 1
303.07692307692315 308.07692307692315 1
304.61538461538464 308.07692307692315 1
304.61538461538464 308.07692307692315 1
304.61538461538464 308.07692307692315 1
304.61538461538464 308.07692307692315 1
304.61538461538464 308.07692307692315 1
304.61538461538464 308.07692307692315 1
304.61538461538464 308.07692307692315 1
304.61538461538464 308.07692307692315 1
244.61538461538458 316.15384615384613 1
192.3076923076923 324.23076923076917 1
160.0 338.07692307692315 1
132.30769230769232 345.0 1
127.69230769230771 345.0 1
127.69230769230771 345.0 1
127.69230769230771 345.0 1
127.69230769230771 345.0 1
127.69230769230771 345.0 1
123.07692307692308 346.15384615384613 1
118.46153846153848 339.23076923076917 1
118.46153846153848 339.23076923076917 1
118.46153846153848 339.23076923076917 1
118.46153846153848 339.23076923076917 1
118.46153846153848 339.23076923076917 1
118.46153846153848 339.23076923076917 1
118.46153846153848 339.23076923076917 1
118.46153846153848 339.23076923076917 1
118.46153846153848 339.23076923076917 1
118.46153846153848 339.23076923076917 1
118.46153846153848 339.23076923076917 1
184.61538461538458 304.61538461538464 1
272.3076923076923 271.15384615384613 1
321.53846153846155 261.9230769230769 1
321.53846153846155 261.9230769230769 1
320.0 261.9230769230769 1
316.92307692307685 259.61538461538464 1
316.92307692307685 300.0 1
312.3076923076923 300.0 1
310.76923076923083 294.23076923076917 1
310.76923076923083 294.23076923076917 1
310.76923076923083 294.23076923076917 1
310.76923076923083 294.23076923076917 1
306.15384615384613 266.53846153846155 1
290.76923076923083 218.0769230769231 1
286.15384615384613 214.61538461538458 1
281.53846153846155 212.3076923076923 1
281.53846153846155 212.3076923076923 1
281.53846153846155 206.53846153846158 1
273.84615384615387 200.7692307692308 1
267.6923076923077 197.3076923076923 1
261.53846153846155 197.3076923076923 1
261.53846153846155 193.84615384615384 1
261.53846153846155 193.84615384615384 1
260.0 181.15384615384616 1
240.0 183.46153846153842 0
246.15384615384616 189.23076923076923 1
246.15384615384616 189.23076923076923 1
250.7692307692308 198.46153846153842 1
249.23076923076923 197.3076923076923 1
249.23076923076923 197.3076923076923 1
249.23076923076923 197.3076923076923 1
249.23076923076923 197.3076923076923 1
249.23076923076923 197.3076923076923 1
249.23076923076923 197.3076923076923 1
246.15384615384616 201.9230769230769 1
246.15384615384616 201.9230769230769 1
246.15384615384616 201.9230769230769 1
246.15384615384616 201.9230769230769 1
244.61538461538458 203.0769230769231 1
243.0769230769231 207.6923076923077 1
243.0769230769231 207.6923076923077 1
246.15384615384616 197.3076923076923 1
266.15384615384613 238.84615384615384 1
278.46153846153845 273.46153846153845 1
278.46153846153845 273.46153846153845 1
273.84615384615387 272.3076923076923 1
292.3076923076923 298.84615384615387 1
292.3076923076923 304.61538461538464 1
287.6923076923077 305.76923076923083 1
287.6923076923077 305.76923076923083 1
284.61538461538464 311.53846153846155 1
289.23076923076917 306.92307692307685 1
289.23076923076917 310.38461538461536 1
289.23076923076917 310.38461538461536 1
289.23076923076917 310.38461538461536 1
289.23076923076917 310.38461538461536 1
289.23076923076917 310.38461538461536 1
289.23076923076917 310.38461538461536 1
290.76923076923083 311.53846153846155 1
292.3076923076923 313.84615384615387 1
292.3076923076923 313.84615384615387 1
287.6923076923077 304.61538461538464 1
332.3076923076923 327.6923076923077 1
347.6923076923077 333.46153846153845 1
343.07692307692315 333.46153846153845 1
343.07692307692315 331.15384615384613 1
343.07692307692315 326.53846153846155 1
340.0 320.76923076923083 1
340.0 320.76923076923083 1
307.6923076923077 306.92307692307685 1
303.07692307692315 296.53846153846155 1
300.0 289.61538461538464 1
300.0 288.46153846153845 1
300.0 285.0 1
296.92307692307685 280.38461538461536 1
300.0 268.84615384615387 1
286.15384615384613 252.6923076923077 1
275.38461538461536 242.3076923076923 1
278.46153846153845 244.61538461538458 1
278.46153846153845 244.61538461538458 1
278.46153846153845 244.61538461538458 1
278.46153846153845 244.61538461538458 1
278.46153846153845 244.61538461538458 1
278.46153846153845 244.61538461538458 1
278.46153846153845 244.61538461538458 1
290.76923076923083 237.6923076923077 1
286.15384615384613 241.15384615384616 1
292.3076923076923 240.0 1
287.6923076923077 238.84615384615384 1
287.6923076923077 238.84615384615384 1
287.6923076923077 238.84615384615384 1
287.6923076923077 238.84615384615384 1
286.15384615384613 233.0769230769231 1
286.15384615384613 233.0769230769231 1
286.15384615384613 233.0769230769231 1
286.15384615384613 233.0769230769231 1
287.6923076923077 240.0 1
287.6923076923077 243.46153846153842 1
292.3076923076923 244.61538461538458 1
298.46153846153845 230.7692307692308 1
298.46153846153845 228.46153846153842 1
300.0 237.6923076923077 1
295.38461538461536 227.3076923076923 1
301.53846153846155 234.23076923076923 1
295.38461538461536 227.3076923076923 1
295.38461538461536 227.3076923076923 1
295.38461538461536 227.3076923076923 0
295.38461538461536 227.3076923076923 0
295.38461538461536 227.3076923076923 1
307.6923076923077 228.46153846153842 1
304.61538461538464 229.61538461538458 1
304.61538461538464 229.61538461538458 1
304.61538461538464 229.61538461538458 1
304.61538461538464 229.61538461538458 1
304.61538461538464 229.61538461538458 1
304.61538461538464 229.61538461538458 1
301.53846153846155 228.46153846153842 1
295.38461538461536 227.3076923076923 1
295.38461538461536 227.3076923076923 1
295.38461538461536 227.3076923076923 1
295.38461538461536 227.3076923076923 1
310.76923076923083 223.84615384615384 1
310.76923076923083 223.84615384615384 1
310.76923076923083 223.84615384615384 1
310.76923076923083 223.84615384615384 1
310.76923076923083 223.84615384615384 1
310.76923076923083 223.84615384615384 1
309.23076923076917 223.84615384615384 1
304.61538461538464 228.46153846153842 1
303.07692307692315 233.0769230769231 1
295.38461538461536 238.84615384615384 1
281.53846153846155 215.7692307692308 1
267.6923076923077 208.84615384615384 0
266.15384615384613 210.0 1
270.76923076923083 212.3076923076923 1
270.76923076923083 212.3076923076923 1
270.76923076923083 212.3076923076923 1
272.3076923076923 226.15384615384616 1
276.9230769230769 227.3076923076923 1
278.46153846153845 222.6923076923077 1
278.46153846153845 222.6923076923077 1
278.46153846153845 221.53846153846158 1
278.46153846153845 221.53846153846158 1
278.46153846153845 221.53846153846158 1
278.46153846153845 221.53846153846158 1
281.53846153846155 230.7692307692308 1
275.38461538461536 230.7692307692308 1
280.0 261.9230769230769 1
276.9230769230769 260.76923076923083 1
269.23076923076917 263.0769230769231 1
269.23076923076917 263.0769230769231 1
269.23076923076917 266.53846153846155 1
269.23076923076917 264.23076923076917 1
272.3076923076923 257.3076923076923 1
289.23076923076917 289.61538461538464 1
289.23076923076917 289.61538461538464 1
284.61538461538464 286.15384615384613 1
284.61538461538464 286.15384615384613 1
284.61538461538464 287.3076923076923 1
286.15384615384613 300.0 1
287.6923076923077 313.84615384615387 1
281.53846153846155 310.38461538461536 1
281.53846153846155 308.07692307692315 1
281.53846153846155 308.07692307692315 1
281.53846153846155 308.07692307692315 1
281.53846153846155 308.07692307692315 1
281.53846153846155 306.92307692307685 1
281.53846153846155 306.92307692307685 1
281.53846153846155 306.92307692307685 1
281.53846153846155 306.92307692307685 1
281.53846153846155 306.92307692307685 1
281.53846153846155 306.92307692307685 1
281.53846153846155 306.92307692307685 1
286.15384615384613 324.23076923076917 1
286.15384615384613 326.53846153846155 1
283.07692307692315 326.53846153846155 1
283.07692307692315 326.53846153846155 1
283.07692307692315 326.53846153846155 1
283.07692307692315 326.53846153846155 1
283.07692307692315 326.53846153846155 1
283.07692307692315 326.53846153846155 1
280.0 323.07692307692315 1
280.0 323.07692307692315 1
280.0 323.07692307692315 1
273.84615384615387 311.53846153846155 1
261.53846153846155 297.6923076923077 0
255.38461538461542 285.0 0
210.7692307692308 249.23076923076923 0
221.53846153846158 245.7692307692308 1
221.53846153846158 245.7692307692308 1
223.0769230769231 240.0 1
223.0769230769231 240.0 1
223.0769230769231 240.0 1
223.0769230769231 240.0 1
223.0769230769231 240.0 1
223.0769230769231 240.0 1
210.7692307692308 236.53846153846158 1
204.61538461538458 236.53846153846158 1
204.61538461538458 236.53846153846158 1
204.61538461538458 236.53846153846158 1
204.61538461538458 236.53846153846158 1
204.61538461538458 233.0769230769231 1
203.0769230769231 228.46153846153842 1
203.0769230769231 228.46153846153842 1
203.0769230769231 228.46153846153842 1
206.15384615384616 228.46153846153842 1
206.15384615384616 228.46153846153842 1
235.38461538461542 273.46153846153845 0
250.7692307692308 327.6923076923077 0
270.76923076923083 340.38461538461536 1
270.76923076923083 331.15384615384613 1
270.76923076923083 328.84615384615387 1
270.76923076923083 328.84615384615387 1
270.76923076923083 325.38461538461536 1
270.76923076923083 335.76923076923083 1
270.76923076923083 335.76923076923083 1
280.0 331.15384615384613 1
280.0 331.15384615384613 1
280.0 331.15384615384613 1
280.0 331.15384615384613 1
289.23076923076917 333.46153846153845 1
289.23076923076917 333.46153846153845 1
289.23076923076917 333.46153846153845 1
289.23076923076917 333.46153846153845 1
289.23076923076917 333.46153846153845 1
289.23076923076917 333.46153846153845 1
289.23076923076917 333.46153846153845 1
289.23076923076917 333.46153846153845 1
289.23076923076917 333.46153846153845 1
289.23076923076917 333.46153846153845 1
289.23076923076917 333.46153846153845 1
289.23076923076917 333.46153846153845 1
289.23076923076917 333.46153846153845 1
289.23076923076917 333.46153846153845 1
289.23076923076917 333.46153846153845 1
292.3076923076923 333.46153846153845 1
292.3076923076923 333.46153846153845 1
290.76923076923083 335.76923076923083 1
293.84615384615387 327.6923076923077 1
293.84615384615387 333.46153846153845 1
293.84615384615387 330.0 1
293.84615384615387 330.0 1
293.84615384615387 330.0 1
293.84615384615387 330.0 1
293.84615384615387 328.84615384615387 1
321.53846153846155 315.0 1
336.92307692307685 306.92307692307685 1
336.92307692307685 306.92307692307685 1
336.92307692307685 306.92307692307685 1
332.3076923076923 304.61538461538464 1
335.38461538461536 312.6923076923077 1
367.6923076923077 264.23076923076917 0
407.6923076923077 216.9230769230769 0
438.46153846153845 201.9230769230769 0
455.3846153846154 185.7692307692308 1
483.07692307692315 196.15384615384616 1
489.23076923076917 196.15384615384616 1
493.8461538461538 197.3076923076923 1
487.6923076923077 192.6923076923077 1
480.0 192.6923076923077 1
473.8461538461538 185.7692307692308 1
473.8461538461538 191.53846153846158 1
463.07692307692315 189.23076923076923 1
463.07692307692315 189.23076923076923 1
435.3846153846154 193.84615384615384 1
360.0 216.9230769230769 1
298.46153846153845 268.84615384615387 0
298.46153846153845 302.3076923076923 1
283.07692307692315 313.84615384615387 1
280.0 319.61538461538464 1
280.0 319.61538461538464 1
280.0 319.61538461538464 1
280.0 319.61538461538464 1
280.0 319.61538461538464 1
280.0 319.61538461538464 1
280.0 319.61538461538464 1
273.84615384615387 328.84615384615387 1
275.38461538461536 345.0 1
275.38461538461536 345.0 1
264.61538461538464 357.6923076923077 1
263.0769230769231 379.6153846153846 1
258.46153846153845 378.46153846153845 1
247.6923076923077 381.92307692307685 1
224.61538461538458 383.07692307692315 1
206.15384615384616 378.46153846153845 1
195.38461538461542 377.3076923076923 1
190.7692307692308 375.0 1
189.23076923076923 373.8461538461538 1
190.7692307692308 378.46153846153845 1
190.7692307692308 378.46153846153845 1
170.76923076923075 323.07692307692315 1
175.38461538461542 236.53846153846158 1
215.38461538461542 189.23076923076923 1
233.84615384615384 178.84615384615384 1
230.7692307692308 183.46153846153842 1
223.0769230769231 189.23076923076923 1
226.15384615384616 183.46153846153842 1
247.6923076923077 167.30769230769232 1
247.6923076923077 170.76923076923075 1
246.15384615384616 153.46153846153842 1
255.38461538461542 135.0 1
255.38461538461542 128.0769230769231 1
255.38461538461542 128.0769230769231 1
250.7692307692308 117.69230769230771 1
252.3076923076923 110.76923076923076 1
258.46153846153845 108.46153846153848 1
258.46153846153845 108.46153846153848 1
258.46153846153845 108.46153846153848 1
258.46153846153845 108.46153846153848 1
258.46153846153845 108.46153846153848 1
258.46153846153845 108.46153846153848 1
258.46153846153845 108.46153846153848 1
258.46153846153845 108.46153846153848 1
258.46153846153845 108.46153846153848 1
258.46153846153845 108.46153846153848 1
258.46153846153845 108.46153846153848 1
258.46153846153845 108.46153846153848 1
258.46153846153845 108.46153846153848 1
258.46153846153845 108.46153846153848 1
258.46153846153845 108.46153846153848 1
241.53846153846158 124.6153846153846 1
220.0 163.84615384615384 1
221.53846153846158 228.46153846153842 1
256.9230769230769 291.92307692307685 1
278.46153846153845 320.76923076923083 1
270.76923076923083 320.76923076923083 1
270.76923076923083 321.92307692307685 1
273.84615384615387 317.3076923076923 1
273.84615384615387 317.3076923076923 1
273.84615384615387 317.3076923076923 1
273.84615384615387 317.3076923076923 1
261.53846153846155 353.07692307692315 1
249.23076923076923 364.6153846153846 1
233.84615384615384 381.92307692307685 1
233.84615384615384 381.92307692307685 1
233.84615384615384 381.92307692307685 1
233.84615384615384 381.92307692307685 1
230.7692307692308 379.6153846153846 1
230.7692307692308 379.6153846153846 1
230.7692307692308 379.6153846153846 1
230.7692307692308 377.3076923076923 1
230.7692307692308 377.3076923076923 1
230.7692307692308 377.3076923076923 1
227.6923076923077 380.76923076923083 1
227.6923076923077 380.76923076923083 1
227.6923076923077 380.76923076923083 1
227.6923076923077 380.76923076923083 1
227.6923076923077 378.46153846153845 1
227.6923076923077 378.46153846153845 1
227.6923076923077 378.46153846153845 1
266.15384615384613 331.15384615384613 1
278.46153846153845 297.6923076923077 1
280.0 267.6923076923077 1
287.6923076923077 221.53846153846158 1
292.3076923076923 205.38461538461542 1
295.38461538461536 198.46153846153842 1
292.3076923076923 198.46153846153842 1
292.3076923076923 198.46153846153842 1
292.3076923076923 198.46153846153842 1
292.3076923076923 198.46153846153842 1
292.3076923076923 198.46153846153842 1
292.3076923076923 198.46153846153842 1
283.07692307692315 205.38461538461542 1
301.53846153846155 188.0769230769231 1
304.61538461538464 176.53846153846158 1
304.61538461538464 178.84615384615384 1
349.23076923076917 174.23076923076923 1
415.3846153846154 190.38461538461542 1
438.46153846153845 198.46153846153842 1
438.46153846153845 198.46153846153842 1
438.46153846153845 197.3076923076923 1
438.46153846153845 197.3076923076923 1
438.46153846153845 197.3076923076923 1
438.46153846153845 197.3076923076923 1
438.46153846153845 197.3076923076923 1
438.46153846153845 197.3076923076923 1
438.46153846153845 197.3076923076923 1
430.76923076923083 200.7692307692308 1
430.76923076923083 200.7692307692308 1
430.76923076923083 200.7692307692308 1
430.76923076923083 200.7692307692308 1
430.76923076923083 200.7692307692308 1
430.76923076923083 200.7692307692308 1
430.76923076923083 200.7692307692308 1
430.76923076923083 200.7692307692308 1
430.76923076923083 200.7692307692308 1
430.76923076923083 200.7692307692308 1
430.76923076923083 200.7692307692308 1
430.76923076923083 200.7692307692308 1
430.76923076923083 200.7692307692308 1
430.76923076923083 200.7692307692308 1
430.76923076923083 200.7692307692308 1
430.76923076923083 200.7692307692308 1
430.76923076923083 200.7692307692308 1
358.46153846153845 192.6923076923077 1
267.6923076923077 205.38461538461542 1
212.3076923076923 227.3076923076923 1
204.61538461538458 227.3076923076923 1
204.61538461538458 227.3076923076923 1
204.61538461538458 227.3076923076923 1
204.61538461538458 227.3076923076923 1
204.61538461538458 227.3076923076923 1
204.61538461538458 227.3076923076923 1
204.61538461538458 227.3076923076923 1
204.61538461538458 227.3076923076923 1
204.61538461538458 227.3076923076923 1
249.23076923076923 281.53846153846155 1
300.0 338.07692307692315 1
304.61538461538464 338.07692307692315 1
303.07692307692315 341.53846153846155 1
303.07692307692315 341.53846153846155 1
303.07692307692315 341.53846153846155 1
315.38461538461536 341.53846153846155 1
320.0 341.53846153846155 1
320.0 341.53846153846155 1
318.46153846153845 341.53846153846155 1
318.46153846153845 341.53846153846155 1
318.46153846153845 341.53846153846155 1
318.46153846153845 341.53846153846155 1
318.46153846153845 341.53846153846155 1
318.46153846153845 341.53846153846155 1
318.46153846153845 341.53846153846155 1
318.46153846153845 341.53846153846155 1
318.46153846153845 341.53846153846155 1
280.0 328.84615384615387 1
280.0 328.84615384615387 1
272.3076923076923 327.6923076923077 1
272.3076923076923 327.6923076923077 1
272.3076923076923 327.6923076923077 1
267.6923076923077 324.23076923076917 1
267.6923076923077 324.23076923076917 1
281.53846153846155 342.6923076923077 1
281.53846153846155 342.6923076923077 1
280.0 346.15384615384613 1
280.0 346.15384615384613 1
280.0 346.15384615384613 1
280.0 346.15384615384613 1
275.38461538461536 339.23076923076917 1
275.38461538461536 339.23076923076917 1
275.38461538461536 339.23076923076917 1
275.38461538461536 339.23076923076917 1
275.38461538461536 339.23076923076917 1
275.38461538461536 339.23076923076917 1
275.38461538461536 339.23076923076917 1
275.38461538461536 339.23076923076917 1
