547.50 215.50
547.30 215.30
547.10 215.10
546.90 214.90
546.70 214.70
546.50 214.50
546.50 214.40
546.50 214.30
546.50 214.20
546.50 214.10
546.50 214.00
546.30 214.10
546.10 214.20
545.90 214.30
545.70 214.40
545.50 214.50
545.40 214.50
545.30 214.50
545.20 214.50
545.10 214.50
545.00 214.50
545.00 214.50
545.00 214.50
545.00 214.50
545.00 214.50
545.00 214.50
545.00 214.20
545.00 213.90
545.00 213.60
545.00 213.30
545.00 213.00
544.90 210.70
544.80 208.40
544.70 206.10
544.60 203.80
544.50 201.50
544.80 199.90
545.10 198.30
545.40 196.70
545.70 195.10
546.00 193.50
546.20 192.30
546.40 191.10
546.60 189.90
546.80 188.70
547.00 187.50
547.20 186.20
547.40 184.90
547.60 183.60
547.80 182.30
548.00 181.00
548.20 177.20
548.40 173.40
548.60 169.60
548.80 165.80
549.00 162.00
549.50 160.40
550.00 158.80
550.50 157.20
551.00 155.60
551.50 154.00
551.70 152.70
551.90 151.40
552.10 150.10
552.30 148.80
552.50 147.50
552.10 143.70
551.70 139.90
551.30 136.10
550.90 132.30
550.50 128.50
550.50 127.20
550.50 125.90
550.50 124.60
550.50 123.30
550.50 122.00
550.30 121.30
550.10 120.60
549.90 119.90
549.70 119.20
549.50 118.50
549.40 118.20
549.30 117.90
549.20 117.60
549.10 117.30
549.00 117.00
548.80 116.40
548.60 115.80
548.40 115.20
548.20 114.60
548.00 114.00
548.20 113.70
548.40 113.40
548.60 113.10
548.80 112.80
549.00 112.50
548.90 112.60
548.80 112.70
548.70 112.80
548.60 112.90
548.50 113.00
548.40 113.30
548.30 113.60
548.20 113.90
548.10 114.20
548.00 114.50
547.90 114.50
547.80 114.50
547.70 114.50
547.60 114.50
547.50 114.50
547.30 114.80
547.10 115.10
546.90 115.40
546.70 115.70
546.50 116.00
546.20 116.20
545.90 116.40
545.60 116.60
545.30 116.80
545.00 117.00
544.20 116.70
543.40 116.40
542.60 116.10
541.80 115.80
541.00 115.50
537.10 114.30
533.20 113.10
529.30 111.90
525.40 110.70
521.50 109.50
520.10 109.50
518.70 109.50
517.30 109.50
515.90 109.50
514.50 109.50
513.10 109.20
511.70 108.90
510.30 108.60
508.90 108.30
507.50 108.00
505.80 107.30
504.10 106.60
502.40 105.90
500.70 105.20
499.00 104.50
496.30 103.20
493.60 101.90
490.90 100.60
488.20 99.30
485.50 98.00
483.90 97.50
482.30 97.00
480.70 96.50
479.10 96.00
477.50 95.50
475.70 95.00
473.90 94.50
472.10 94.00
470.30 93.50
468.50 93.00
466.50 92.40
464.50 91.80
462.50 91.20
460.50 90.60
458.50 90.00
456.60 89.30
454.70 88.60
452.80 87.90
450.90 87.20
449.00 86.50
447.40 86.20
445.80 85.90
444.20 85.60
442.60 85.30
441.00 85.00
439.40 84.70
437.80 84.40
436.20 84.10
434.60 83.80
433.00 83.50
432.20 83.40
431.40 83.30
430.60 83.20
429.80 83.10
429.00 83.00
428.90 83.10
428.80 83.20
428.70 83.30
428.60 83.40
428.50 83.50
428.60 83.60
428.70 83.70
428.80 83.80
428.90 83.90
429.00 84.00
429.40 84.20
429.80 84.40
430.20 84.60
430.60 84.80
431.00 85.00
431.30 85.20
431.60 85.40
431.90 85.60
432.20 85.80
432.50 86.00
432.80 86.20
433.10 86.40
433.40 86.60
433.70 86.80
434.00 87.00
434.30 87.40
434.60 87.80
434.90 88.20
435.20 88.60
435.50 89.00
435.80 89.70
436.10 90.40
436.40 91.10
436.70 91.80
437.00 92.50
436.80 93.70
436.60 94.90
436.40 96.10
436.20 97.30
436.00 98.50
435.40 101.20
434.80 103.90
434.20 106.60
433.60 109.30
433.00 112.00
432.40 113.20
431.80 114.40
431.20 115.60
430.60 116.80
430.00 118.00
429.70 118.60
429.40 119.20
429.10 119.80
428.80 120.40
428.50 121.00
428.20 121.30
427.90 121.60
427.60 121.90
427.30 122.20
427.00 122.50
427.00 122.60
427.00 122.70
427.00 122.80
427.00 122.90
427.00 123.00
427.30 123.20
427.60 123.40
427.90 123.60
428.20 123.80
428.50 124.00
429.30 124.20
430.10 124.40
430.90 124.60
431.70 124.80
432.50 125.00
434.50 124.60
436.50 124.20
438.50 123.80
440.50 123.40
442.50 123.00
445.00 123.30
447.50 123.60
450.00 123.90
452.50 124.20
455.00 124.50
457.40 125.20
459.80 125.90
462.20 126.60
464.60 127.30
467.00 128.00
469.90 128.70
472.80 129.40
475.70 130.10
478.60 130.80
481.50 131.50
484.30 132.60
487.10 133.70
489.90 134.80
492.70 135.90
495.50 137.00
500.10 138.30
504.70 139.60
509.30 140.90
513.90 142.20
518.50 143.50
521.80 144.30
525.10 145.10
528.40 145.90
531.70 146.70
535.00 147.50
537.80 148.70
540.60 149.90
543.40 151.10
546.20 152.30
549.00 153.50
552.40 155.60
555.80 157.70
559.20 159.80
562.60 161.90
566.00 164.00
567.50 165.40
569.00 166.80
570.50 168.20
572.00 169.60
573.50 171.00
575.50 172.50
577.50 174.00
579.50 175.50
581.50 177.00
583.50 178.50
585.80 181.40
588.10 184.30
590.40 187.20
592.70 190.10
595.00 193.00
596.20 194.50
597.40 196.00
598.60 197.50
599.80 199.00
601.00 200.50
601.90 201.50
602.80 202.50
603.70 203.50
604.60 204.50
605.50 205.50
606.10 205.90
606.70 206.30
607.30 206.70
607.90 207.10
608.50 207.50
608.90 207.90
609.30 208.30
609.70 208.70
610.10 209.10
610.50 209.50
610.50 209.10
610.50 208.70
610.50 208.30
610.50 207.90
610.50 207.50
610.00 206.50
609.50 205.50
609.00 204.50
608.50 203.50
608.00 202.50
608.00 202.40
608.00 202.30
608.00 202.20
608.00 202.10
608.00 202.00
607.80 202.20
607.60 202.40
607.40 202.60
607.20 202.80
607.00 203.00
607.10 203.40
607.20 203.80
607.30 204.20
607.40 204.60
607.50 205.00
607.40 205.90
607.30 206.80
607.20 207.70
607.10 208.60
607.00 209.50
607.00 210.50
607.00 211.50
607.00 212.50
607.00 213.50
607.00 214.50
607.00 215.90
607.00 217.30
607.00 218.70
607.00 220.10
607.00 221.50
607.40 226.40
607.80 231.30
608.20 236.20
608.60 241.10
609.00 246.00
609.00 247.60
609.00 249.20
609.00 250.80
609.00 252.40
609.00 254.00
608.90 255.20
608.80 256.40
608.70 257.60
608.60 258.80
608.50 260.00
608.30 260.60
608.10 261.20
607.90 261.80
607.70 262.40
607.50 263.00
607.50 263.30
607.50 263.60
607.50 263.90
607.50 264.20
607.50 264.50
607.30 264.40
607.10 264.30
606.90 264.20
606.70 264.10
606.50 264.00
605.90 263.40
605.30 262.80
604.70 262.20
604.10 261.60
603.50 261.00
602.70 260.10
601.90 259.20
601.10 258.30
600.30 257.40
599.50 256.50
598.30 255.10
597.10 253.70
595.90 252.30
594.70 250.90
593.50 249.50
592.20 248.20
590.90 246.90
589.60 245.60
588.30 244.30
587.00 243.00
584.70 240.20
582.40 237.40
580.10 234.60
577.80 231.80
575.50 229.00
573.20 227.00
570.90 225.00
568.60 223.00
566.30 221.00
564.00 219.00
561.70 217.20
559.40 215.40
557.10 213.60
554.80 211.80
552.50 210.00
550.00 208.40
547.50 206.80
545.00 205.20
542.50 203.60
540.00 202.00
536.60 200.60
533.20 199.20
529.80 197.80
526.40 196.40
523.00 195.00
519.80 193.70
516.60 192.40
513.40 191.10
510.20 189.80
507.00 188.50
503.80 187.30
500.60 186.10
497.40 184.90
494.20 183.70
491.00 182.50
488.00 181.50
485.00 180.50
482.00 179.50
479.00 178.50
476.00 177.50
473.20 176.80
470.40 176.10
467.60 175.40
464.80 174.70
462.00 174.00
459.30 173.30
456.60 172.60
453.90 171.90
451.20 171.20
448.50 170.50
446.30 169.70
444.10 168.90
441.90 168.10
439.70 167.30
437.50 166.50
435.80 165.70
434.10 164.90
432.40 164.10
430.70 163.30
429.00 162.50
427.90 162.20
426.80 161.90
425.70 161.60
424.60 161.30
423.50 161.00
422.80 160.80
422.10 160.60
421.40 160.40
420.70 160.20
420.00 160.00
419.50 159.60
419.00 159.20
418.50 158.80
418.00 158.40
417.50 158.00
417.80 157.90
418.10 157.80
418.40 157.70
418.70 157.60
419.00 157.50
416.40 158.20
413.80 158.90
411.20 159.60
408.60 160.30
406.00 161.00
406.40 155.50
406.80 150.00
407.20 144.50
407.60 139.00
408.00 133.50
408.00 133.40
408.00 133.30
408.00 133.20
408.00 133.10
408.00 133.00
410.50 138.30
413.00 143.60
415.50 148.90
418.00 154.20
420.50 159.50
420.70 162.80
420.90 166.10
421.10 169.40
421.30 172.70
421.50 176.00
422.10 177.90
422.70 179.80
423.30 181.70
423.90 183.60
424.50 185.50
424.50 186.10
424.50 186.70
424.50 187.30
424.50 187.90
424.50 188.50
424.60 188.50
424.70 188.50
424.80 188.50
424.90 188.50
425.00 188.50
425.60 188.40
426.20 188.30
426.80 188.20
427.40 188.10
428.00 188.00
429.00 188.50
430.00 189.00
431.00 189.50
432.00 190.00
433.00 190.50
434.70 190.90
436.40 191.30
438.10 191.70
439.80 192.10
441.50 192.50
443.60 192.80
445.70 193.10
447.80 193.40
449.90 193.70
452.00 194.00
453.90 194.60
455.80 195.20
457.70 195.80
459.60 196.40
461.50 197.00
463.50 197.40
465.50 197.80
467.50 198.20
469.50 198.60
471.50 199.00
475.90 200.10
480.30 201.20
484.70 202.30
489.10 203.40
493.50 204.50
496.50 205.50
499.50 206.50
502.50 207.50
505.50 208.50
508.50 209.50
511.40 210.20
514.30 210.90
517.20 211.60
520.10 212.30
523.00 213.00
526.00 214.10
529.00 215.20
532.00 216.30
535.00 217.40
538.00 218.50
540.70 219.80
543.40 221.10
546.10 222.40
548.80 223.70
551.50 225.00
553.60 226.40
555.70 227.80
557.80 229.20
559.90 230.60
562.00 232.00
564.10 233.20
566.20 234.40
568.30 235.60
570.40 236.80
572.50 238.00
575.30 240.10
578.10 242.20
580.90 244.30
583.70 246.40
586.50 248.50
587.80 249.20
589.10 249.90
590.40 250.60
591.70 251.30
593.00 252.00
594.10 252.90
595.20 253.80
596.30 254.70
597.40 255.60
598.50 256.50
599.10 257.10
599.70 257.70
600.30 258.30
600.90 258.90
601.50 259.50
602.00 259.70
602.50 259.90
603.00 260.10
603.50 260.30
604.00 260.50
604.20 260.60
604.40 260.70
604.60 260.80
604.80 260.90
605.00 261.00
604.90 260.80
604.80 260.60
604.70 260.40
604.60 260.20
604.50 260.00
604.50 260.20
604.50 260.40
604.50 260.60
604.50 260.80
604.50 261.00
604.40 261.50
604.30 262.00
604.20 262.50
604.10 263.00
604.00 263.50
603.70 264.80
603.40 266.10
603.10 267.40
602.80 268.70
602.50 270.00
602.00 271.50
601.50 273.00
601.00 274.50
600.50 276.00
600.00 277.50
599.30 279.70
598.60 281.90
597.90 284.10
597.20 286.30
596.50 288.50
595.10 291.60
593.70 294.70
592.30 297.80
590.90 300.90
589.50 304.00
588.90 304.70
588.30 305.40
587.70 306.10
587.10 306.80
586.50 307.50
586.30 307.90
586.10 308.30
585.90 308.70
585.70 309.10
585.50 309.50
585.20 309.80
584.90 310.10
584.60 310.40
584.30 310.70
584.00 311.00
583.40 309.40
582.80 307.80
582.20 306.20
581.60 304.60
581.00 303.00
580.00 302.40
579.00 301.80
578.00 301.20
577.00 300.60
576.00 300.00
574.60 299.40
573.20 298.80
571.80 298.20
570.40 297.60
569.00 297.00
567.50 296.10
566.00 295.20
564.50 294.30
563.00 293.40
561.50 292.50
559.80 291.70
558.10 290.90
556.40 290.10
554.70 289.30
553.00 288.50
550.70 287.60
548.40 286.70
546.10 285.80
543.80 284.90
541.50 284.00
539.00 282.60
536.50 281.20
534.00 279.80
531.50 278.40
529.00 277.00
522.50 273.10
516.00 269.20
509.50 265.30
503.00 261.40
496.50 257.50
493.80 256.30
491.10 255.10
488.40 253.90
485.70 252.70
483.00 251.50
480.10 250.10
477.20 248.70
474.30 247.30
471.40 245.90
468.50 244.50
463.90 243.40
459.30 242.30
454.70 241.20
450.10 240.10
445.50 239.00
443.80 238.10
442.10 237.20
440.40 236.30
438.70 235.40
437.00 234.50
435.10 232.60
433.20 230.70
431.30 228.80
429.40 226.90
427.50 225.00
426.20 222.70
424.90 220.40
423.60 218.10
422.30 215.80
421.00 213.50
420.00 212.20
419.00 210.90
418.00 209.60
417.00 208.30
416.00 207.00
414.20 205.80
412.40 204.60
410.60 203.40
408.80 202.20
407.00 201.00
405.90 200.00
404.80 199.00
403.70 198.00
402.60 197.00
401.50 196.00
401.10 196.20
400.70 196.40
400.30 196.60
399.90 196.80
399.50 197.00
399.10 197.00
398.70 197.00
398.30 197.00
397.90 197.00
397.50 197.00
397.70 197.20
397.90 197.40
398.10 197.60
398.30 197.80
398.50 198.00
398.50 198.40
398.50 198.80
398.50 199.20
398.50 199.60
398.50 200.00
398.70 201.10
398.90 202.20
399.10 203.30
399.30 204.40
399.50 205.50
399.90 207.20
400.30 208.90
400.70 210.60
401.10 212.30
401.50 214.00
401.70 215.80
401.90 217.60
402.10 219.40
402.30 221.20
402.50 223.00
401.60 225.40
400.70 227.80
399.80 230.20
398.90 232.60
398.00 235.00
398.50 235.60
399.00 236.20
399.50 236.80
400.00 237.40
400.50 238.00
400.70 238.60
400.90 239.20
401.10 239.80
401.30 240.40
401.50 241.00
401.60 239.10
401.70 237.20
401.80 235.30
401.90 233.40
402.00 231.50
402.50 231.40
403.00 231.30
403.50 231.20
404.00 231.10
404.50 231.00
407.10 231.70
409.70 232.40
412.30 233.10
414.90 233.80
417.50 234.50
419.60 235.20
421.70 235.90
423.80 236.60
425.90 237.30
428.00 238.00
429.60 238.40
431.20 238.80
432.80 239.20
434.40 239.60
436.00 240.00
438.20 240.50
440.40 241.00
442.60 241.50
444.80 242.00
447.00 242.50
448.80 243.10
450.60 243.70
452.40 244.30
454.20 244.90
456.00 245.50
461.10 247.80
466.20 250.10
471.30 252.40
476.40 254.70
481.50 257.00
484.20 258.40
486.90 259.80
489.60 261.20
492.30 262.60
495.00 264.00
497.30 264.50
499.60 265.00
501.90 265.50
504.20 266.00
506.50 266.50
509.60 268.10
512.70 269.70
515.80 271.30
518.90 272.90
522.00 274.50
526.30 276.40
530.60 278.30
534.90 280.20
539.20 282.10
543.50 284.00
545.60 285.10
547.70 286.20
549.80 287.30
551.90 288.40
554.00 289.50
555.80 290.40
557.60 291.30
559.40 292.20
561.20 293.10
563.00 294.00
565.00 294.80
567.00 295.60
569.00 296.40
571.00 297.20
573.00 298.00
573.90 298.50
574.80 299.00
575.70 299.50
576.60 300.00
577.50 300.50
578.10 300.90
578.70 301.30
579.30 301.70
579.90 302.10
580.50 302.50
580.90 302.80
581.30 303.10
581.70 303.40
582.10 303.70
582.50 304.00
582.60 304.40
582.70 304.80
582.80 305.20
582.90 305.60
583.00 306.00
582.90 306.00
582.80 306.00
582.70 306.00
582.60 306.00
582.50 306.00
582.30 305.80
582.10 305.60
581.90 305.40
581.70 305.20
581.50 305.00
581.30 305.10
581.10 305.20
580.90 305.30
580.70 305.40
580.50 305.50
579.80 305.90
579.10 306.30
578.40 306.70
577.70 307.10
577.00 307.50
576.30 308.40
575.60 309.30
574.90 310.20
574.20 311.10
573.50 312.00
572.00 315.20
570.50 318.40
569.00 321.60
567.50 324.80
566.00 328.00
565.30 329.00
564.60 330.00
563.90 331.00
563.20 332.00
562.50 333.00
561.80 333.30
561.10 333.60
560.40 333.90
559.70 334.20
559.00 334.50
558.60 334.50
558.20 334.50
557.80 334.50
557.40 334.50
557.00 334.50
556.80 334.40
556.60 334.30
556.40 334.20
556.20 334.10
556.00 334.00
555.10 333.60
554.20 333.20
553.30 332.80
552.40 332.40
551.50 332.00
549.00 329.80
546.50 327.60
544.00 325.40
541.50 323.20
539.00 321.00
537.70 320.40
536.40 319.80
535.10 319.20
533.80 318.60
532.50 318.00
530.90 317.30
529.30 316.60
527.70 315.90
526.10 315.20
524.50 314.50
522.40 313.70
520.30 312.90
518.20 312.10
516.10 311.30
514.00 310.50
511.70 309.60
509.40 308.70
507.10 307.80
504.80 306.90
502.50 306.00
499.30 305.00
496.10 304.00
492.90 303.00
489.70 302.00
486.50 301.00
483.10 299.20
479.70 297.40
476.30 295.60
472.90 293.80
469.50 292.00
465.80 289.80
462.10 287.60
458.40 285.40
454.70 283.20
451.00 281.00
446.70 279.90
442.40 278.80
438.10 277.70
433.80 276.60
429.50 275.50
427.70 274.50
425.90 273.50
424.10 272.50
422.30 271.50
420.50 270.50
417.40 268.90
414.30 267.30
411.20 265.70
408.10 264.10
405.00 262.50
401.00 259.70
397.00 256.90
393.00 254.10
389.00 251.30
385.00 248.50
384.10 247.30
383.20 246.10
382.30 244.90
381.40 243.70
380.50 242.50
377.60 240.90
374.70 239.30
371.80 237.70
368.90 236.10
366.00 234.50
365.70 233.50
365.40 232.50
365.10 231.50
364.80 230.50
364.50 229.50
364.10 229.40
363.70 229.30
363.30 229.20
362.90 229.10
362.50 229.00
362.80 229.80
363.10 230.60
363.40 231.40
363.70 232.20
364.00 233.00
365.10 234.00
366.20 235.00
367.30 236.00
368.40 237.00
369.50 238.00
371.90 237.00
374.30 236.00
376.70 235.00
379.10 234.00
381.50 233.00
381.20 232.00
380.90 231.00
380.60 230.00
380.30 229.00
380.00 228.00
379.70 225.70
379.40 223.40
379.10 221.10
378.80 218.80
378.50 216.50
378.30 213.60
378.10 210.70
377.90 207.80
377.70 204.90
377.50 202.00
377.90 200.50
378.30 199.00
378.70 197.50
379.10 196.00
379.50 194.50
379.40 195.10
379.30 195.70
379.20 196.30
379.10 196.90
379.00 197.50
379.00 198.20
379.00 198.90
379.00 199.60
379.00 200.30
379.00 201.00
380.60 201.10
382.20 201.20
383.80 201.30
385.40 201.40
387.00 201.50
388.00 202.00
389.00 202.50
390.00 203.00
391.00 203.50
392.00 204.00
393.70 204.30
395.40 204.60
397.10 204.90
398.80 205.20
400.50 205.50
401.90 206.60
403.30 207.70
404.70 208.80
406.10 209.90
407.50 211.00
410.30 211.90
413.10 212.80
415.90 213.70
418.70 214.60
421.50 215.50
424.70 218.30
427.90 221.10
431.10 223.90
434.30 226.70
437.50 229.50
441.40 230.70
445.30 231.90
449.20 233.10
453.10 234.30
457.00 235.50
460.70 237.00
464.40 238.50
468.10 240.00
471.80 241.50
475.50 243.00
478.70 244.60
481.90 246.20
485.10 247.80
488.30 249.40
491.50 251.00
497.10 255.30
502.70 259.60
508.30 263.90
513.90 268.20
519.50 272.50
521.10 272.70
522.70 272.90
524.30 273.10
525.90 273.30
527.50 273.50
530.10 275.10
532.70 276.70
535.30 278.30
537.90 279.90
540.50 281.50
542.90 282.80
545.30 284.10
547.70 285.40
550.10 286.70
552.50 288.00
554.10 289.20
555.70 290.40
557.30 291.60
558.90 292.80
560.50 294.00
561.80 295.10
563.10 296.20
564.40 297.30
565.70 298.40
567.00 299.50
568.80 301.60
570.60 303.70
572.40 305.80
574.20 307.90
576.00 310.00
576.70 310.50
577.40 311.00
578.10 311.50
578.80 312.00
579.50 312.50
579.80 312.80
580.10 313.10
580.40 313.40
580.70 313.70
581.00 314.00
581.00 314.30
581.00 314.60
581.00 314.90
581.00 315.20
581.00 315.50
581.10 315.60
581.20 315.70
581.30 315.80
581.40 315.90
581.50 316.00
581.20 315.80
580.90 315.60
580.60 315.40
580.30 315.20
580.00 315.00
580.00 314.50
580.00 314.00
580.00 313.50
580.00 313.00
580.00 312.50
579.90 311.20
579.80 309.90
579.70 308.60
579.60 307.30
579.50 306.00
581.00 301.80
582.50 297.60
584.00 293.40
585.50 289.20
587.00 285.00
587.40 283.20
587.80 281.40
588.20 279.60
588.60 277.80
589.00 276.00
589.20 274.00
589.40 272.00
589.60 270.00
589.80 268.00
590.00 266.00
590.50 264.60
591.00 263.20
591.50 261.80
592.00 260.40
592.50 259.00
592.40 258.70
592.30 258.40
592.20 258.10
592.10 257.80
592.00 257.50
591.70 257.20
591.40 256.90
591.10 256.60
590.80 256.30
590.50 256.00
589.80 255.80
589.10 255.60
588.40 255.40
587.70 255.20
587.00 255.00
586.20 254.70
585.40 254.40
584.60 254.10
583.80 253.80
583.00 253.50
581.90 253.10
580.80 252.70
579.70 252.30
578.60 251.90
577.50 251.50
576.30 250.90
575.10 250.30
573.90 249.70
572.70 249.10
571.50 248.50
570.00 247.60
568.50 246.70
567.00 245.80
565.50 244.90
564.00 244.00
561.50 242.70
559.00 241.40
556.50 240.10
554.00 238.80
551.50 237.50
547.10 235.40
542.70 233.30
538.30 231.20
533.90 229.10
529.50 227.00
527.10 226.30
524.70 225.60
522.30 224.90
519.90 224.20
517.50 223.50
514.80 222.50
512.10 221.50
509.40 220.50
506.70 219.50
504.00 218.50
500.80 217.70
497.60 216.90
494.40 216.10
491.20 215.30
488.00 214.50
485.20 213.60
482.40 212.70
479.60 211.80
476.80 210.90
474.00 210.00
471.30 209.50
468.60 209.00
465.90 208.50
463.20 208.00
460.50 207.50
457.70 206.80
454.90 206.10
452.10 205.40
449.30 204.70
446.50 204.00
443.90 203.20
441.30 202.40
438.70 201.60
436.10 200.80
433.50 200.00
429.00 198.80
424.50 197.60
420.00 196.40
415.50 195.20
411.00 194.00
409.20 193.30
407.40 192.60
405.60 191.90
403.80 191.20
402.00 190.50
400.10 189.70
398.20 188.90
396.30 188.10
394.40 187.30
392.50 186.50
390.60 186.00
388.70 185.50
386.80 185.00
384.90 184.50
383.00 184.00
382.00 183.70
381.00 183.40
380.00 183.10
379.00 182.80
378.00 182.50
377.30 182.80
376.60 183.10
375.90 183.40
375.20 183.70
374.50 184.00
374.60 184.20
374.70 184.40
374.80 184.60
374.90 184.80
375.00 185.00
375.40 185.20
375.80 185.40
376.20 185.60
376.60 185.80
377.00 186.00
377.40 185.70
377.80 185.40
378.20 185.10
378.60 184.80
379.00 184.50
379.50 180.10
380.00 175.70
380.50 171.30
381.00 166.90
381.50 162.50
382.30 161.40
383.10 160.30
383.90 159.20
384.70 158.10
385.50 157.00
385.70 156.10
385.90 155.20
386.10 154.30
386.30 153.40
386.50 152.50
387.10 152.20
387.70 151.90
388.30 151.60
388.90 151.30
389.50 151.00
390.00 151.40
390.50 151.80
391.00 152.20
391.50 152.60
392.00 153.00
392.30 153.20
392.60 153.40
392.90 153.60
393.20 153.80
393.50 154.00
394.10 154.60
394.70 155.20
395.30 155.80
395.90 156.40
396.50 157.00
397.50 157.80
398.50 158.60
399.50 159.40
400.50 160.20
401.50 161.00
402.90 162.10
404.30 163.20
405.70 164.30
407.10 165.40
408.50 166.50
410.10 167.50
411.70 168.50
413.30 169.50
414.90 170.50
416.50 171.50
418.90 172.40
421.30 173.30
423.70 174.20
426.10 175.10
428.50 176.00
431.10 176.90
433.70 177.80
436.30 178.70
438.90 179.60
441.50 180.50
444.40 181.70
447.30 182.90
450.20 184.10
453.10 185.30
456.00 186.50
458.30 187.70
460.60 188.90
462.90 190.10
465.20 191.30
467.50 192.50
470.00 194.00
472.50 195.50
475.00 197.00
477.50 198.50
480.00 200.00
487.80 204.40
495.60 208.80
503.40 213.20
511.20 217.60
519.00 222.00
521.90 224.10
524.80 226.20
527.70 228.30
530.60 230.40
533.50 232.50
535.70 234.50
537.90 236.50
540.10 238.50
542.30 240.50
544.50 242.50
545.70 243.30
546.90 244.10
548.10 244.90
549.30 245.70
550.50 246.50
552.50 248.10
554.50 249.70
556.50 251.30
558.50 252.90
560.50 254.50
562.20 255.70
563.90 256.90
565.60 258.10
567.30 259.30
569.00 260.50
570.50 261.40
572.00 262.30
573.50 263.20
575.00 264.10
576.50 265.00
577.30 265.50
578.10 266.00
578.90 266.50
579.70 267.00
580.50 267.50
581.00 267.80
581.50 268.10
582.00 268.40
582.50 268.70
583.00 269.00
583.20 269.40
583.40 269.80
583.60 270.20
583.80 270.60
584.00 271.00
583.90 271.00
583.80 271.00
583.70 271.00
583.60 271.00
583.50 271.00
583.30 270.70
583.10 270.40
582.90 270.10
582.70 269.80
582.50 269.50
582.50 268.00
582.50 266.50
582.50 265.00
582.50 263.50
582.50 262.00
582.50 258.50
582.50 255.00
582.50 251.50
582.50 248.00
582.50 244.50
582.60 242.70
582.70 240.90
582.80 239.10
582.90 237.30
583.00 235.50
583.00 231.10
583.00 226.70
583.00 222.30
583.00 217.90
583.00 213.50
583.00 212.10
583.00 210.70
583.00 209.30
583.00 207.90
583.00 206.50
582.70 205.50
582.40 204.50
582.10 203.50
581.80 202.50
581.50 201.50
581.30 201.00
581.10 200.50
580.90 200.00
580.70 199.50
580.50 199.00
580.00 199.10
579.50 199.20
579.00 199.30
578.50 199.40
578.00 199.50
577.00 199.00
576.00 198.50
575.00 198.00
574.00 197.50
573.00 197.00
570.50 194.50
568.00 192.00
565.50 189.50
563.00 187.00
560.50 184.50
558.80 183.50
557.10 182.50
555.40 181.50
553.70 180.50
552.00 179.50
549.60 178.30
547.20 177.10
544.80 175.90
542.40 174.70
540.00 173.50
537.50 172.60
535.00 171.70
532.50 170.80
530.00 169.90
527.50 169.00
524.70 168.10
521.90 167.20
519.10 166.30
516.30 165.40
513.50 164.50
510.70 163.70
507.90 162.90
505.10 162.10
502.30 161.30
499.50 160.50
496.50 159.80
493.50 159.10
490.50 158.40
487.50 157.70
484.50 157.00
481.20 156.40
477.90 155.80
474.60 155.20
471.30 154.60
468.00 154.00
461.80 152.30
455.60 150.60
449.40 148.90
443.20 147.20
437.00 145.50
434.60 145.40
432.20 145.30
429.80 145.20
427.40 145.10
425.00 145.00
422.40 144.80
419.80 144.60
417.20 144.40
414.60 144.20
412.00 144.00
410.00 143.80
408.00 143.60
406.00 143.40
404.00 143.20
402.00 143.00
400.10 142.80
398.20 142.60
396.30 142.40
394.40 142.20
392.50 142.00
391.20 141.70
389.90 141.40
388.60 141.10
387.30 140.80
386.00 140.50
385.20 140.60
384.40 140.70
383.60 140.80
382.80 140.90
382.00 141.00
381.40 141.40
380.80 141.80
380.20 142.20
379.60 142.60
379.00 143.00
378.70 143.50
378.40 144.00
378.10 144.50
377.80 145.00
377.50 145.50
378.00 146.10
378.50 146.70
379.00 147.30
379.50 147.90
380.00 148.50
380.50 148.60
381.00 148.70
381.50 148.80
382.00 148.90
382.50 149.00
384.20 145.30
385.90 141.60
387.60 137.90
389.30 134.20
391.00 130.50
391.70 128.90
392.40 127.30
393.10 125.70
393.80 124.10
394.50 122.50
395.20 121.80
395.90 121.10
396.60 120.40
397.30 119.70
398.00 119.00
398.40 115.60
398.80 112.20
399.20 108.80
399.60 105.40
400.00 102.00
400.90 101.50
401.80 101.00
402.70 100.50
403.60 100.00
404.50 99.50
404.90 99.30
405.30 99.10
405.70 98.90
406.10 98.70
406.50 98.50
406.80 98.50
407.10 98.50
407.40 98.50
407.70 98.50
408.00 98.50
408.80 99.10
409.60 99.70
410.40 100.30
411.20 100.90
412.00 101.50
413.20 102.00
414.40 102.50
415.60 103.00
416.80 103.50
418.00 104.00
419.90 104.60
421.80 105.20
423.70 105.80
425.60 106.40
427.50 107.00
429.60 107.60
431.70 108.20
433.80 108.80
435.90 109.40
438.00 110.00
440.20 110.70
442.40 111.40
444.60 112.10
446.80 112.80
449.00 113.50
451.90 114.50
454.80 115.50
457.70 116.50
460.60 117.50
463.50 118.50
468.00 119.80
472.50 121.10
477.00 122.40
481.50 123.70
486.00 125.00
489.00 126.20
492.00 127.40
495.00 128.60
498.00 129.80
501.00 131.00
503.70 132.20
506.40 133.40
509.10 134.60
511.80 135.80
514.50 137.00
517.50 138.40
520.50 139.80
523.50 141.20
526.50 142.60
529.50 144.00
532.30 145.90
535.10 147.80
537.90 149.70
540.70 151.60
543.50 153.50
545.60 155.10
547.70 156.70
549.80 158.30
551.90 159.90
554.00 161.50
555.70 162.60
557.40 163.70
559.10 164.80
560.80 165.90
562.50 167.00
565.30 169.30
568.10 171.60
570.90 173.90
573.70 176.20
576.50 178.50
577.60 179.60
578.70 180.70
579.80 181.80
580.90 182.90
582.00 184.00
582.90 184.50
583.80 185.00
584.70 185.50
585.60 186.00
586.50 186.50
585.80 184.70
585.10 182.90
584.40 181.10
583.70 179.30
583.00 177.50
582.90 177.50
582.80 177.50
582.70 177.50
582.60 177.50
582.50 177.50
582.50 177.30
582.50 177.10
582.50 176.90
582.50 176.70
582.50 176.50
582.30 176.20
582.10 175.90
581.90 175.60
581.70 175.30
581.50 175.00
581.20 175.00
580.90 175.00
580.60 175.00
580.30 175.00
580.00 175.00
579.90 175.40
579.80 175.80
579.70 176.20
579.60 176.60
579.50 177.00
579.50 177.40
579.50 177.80
579.50 178.20
579.50 178.60
579.50 179.00
580.10 182.30
580.70 185.60
581.30 188.90
581.90 192.20
582.50 195.50
582.40 198.20
582.30 200.90
582.20 203.60
582.10 206.30
582.00 209.00
581.90 209.90
581.80 210.80
581.70 211.70
581.60 212.60
581.50 213.50
581.40 213.90
581.30 214.30
581.20 214.70
581.10 215.10
581.00 215.50
580.80 215.40
580.60 215.30
580.40 215.20
580.20 215.10
580.00 215.00
579.80 214.70
579.60 214.40
579.40 214.10
579.20 213.80
579.00 213.50
577.60 211.90
576.20 210.30
574.80 208.70
573.40 207.10
572.00 205.50
571.10 204.80
570.20 204.10
569.30 203.40
568.40 202.70
567.50 202.00
566.50 201.30
565.50 200.60
564.50 199.90
563.50 199.20
562.50 198.50
560.90 197.50
559.30 196.50
557.70 195.50
556.10 194.50
554.50 193.50
552.90 192.40
551.30 191.30
549.70 190.20
548.10 189.10
546.50 188.00
544.40 186.60
542.30 185.20
540.20 183.80
538.10 182.40
536.00 181.00
531.10 178.10
526.20 175.20
521.30 172.30
516.40 169.40
511.50 166.50
509.10 165.70
506.70 164.90
504.30 164.10
501.90 163.30
499.50 162.50
496.90 161.60
494.30 160.70
491.70 159.80
489.10 158.90
486.50 158.00
483.10 156.90
479.70 155.80
476.30 154.70
472.90 153.60
469.50 152.50
466.80 151.50
464.10 150.50
461.40 149.50
458.70 148.50
456.00 147.50
453.40 146.80
450.80 146.10
448.20 145.40
445.60 144.70
443.00 144.00
440.40 143.50
437.80 143.00
435.20 142.50
432.60 142.00
430.00 141.50
427.20 141.00
424.40 140.50
421.60 140.00
418.80 139.50
416.00 139.00
414.10 138.70
412.20 138.40
410.30 138.10
408.40 137.80
406.50 137.50
405.10 137.50
403.70 137.50
402.30 137.50
400.90 137.50
399.50 137.50
398.40 137.20
397.30 136.90
396.20 136.60
395.10 136.30
394.00 136.00
393.10 135.80
392.20 135.60
391.30 135.40
390.40 135.20
389.50 135.00
388.90 134.80
388.30 134.60
387.70 134.40
387.10 134.20
386.50 134.00
387.80 134.10
389.10 134.20
390.40 134.30
391.70 134.40
393.00 134.50
393.50 134.80
394.00 135.10
394.50 135.40
395.00 135.70
395.50 136.00
396.00 136.30
396.50 136.60
397.00 136.90
397.50 137.20
398.00 137.50
398.10 137.90
398.20 138.30
398.30 138.70
398.40 139.10
398.50 139.50
398.80 140.80
399.10 142.10
399.40 143.40
399.70 144.70
400.00 146.00
400.10 147.30
400.20 148.60
400.30 149.90
400.40 151.20
400.50 152.50
400.60 153.40
400.70 154.30
400.80 155.20
400.90 156.10
401.00 157.00
401.00 157.70
401.00 158.40
401.00 159.10
401.00 159.80
401.00 160.50
401.30 160.70
401.60 160.90
401.90 161.10
402.20 161.30
402.50 161.50
402.80 161.60
403.10 161.70
403.40 161.80
403.70 161.90
404.00 162.00
404.60 162.20
405.20 162.40
405.80 162.60
406.40 162.80
407.00 163.00
407.80 163.10
408.60 163.20
409.40 163.30
410.20 163.40
411.00 163.50
411.80 163.60
412.60 163.70
413.40 163.80
414.20 163.90
415.00 164.00
414.80 163.10
414.60 162.20
414.40 161.30
414.20 160.40
414.00 159.50
414.60 159.50
415.20 159.50
415.80 159.50
416.40 159.50
417.00 159.50
417.70 159.80
418.40 160.10
419.10 160.40
419.80 160.70
420.50 161.00
421.62 161.12
422.75 161.25
423.88 161.38
425.00 161.50
