547.5 215.5 1
547.3 215.3 1
547.1 215.1 1
546.9 214.9 1
546.7 214.7 1
546.5 214.5 1
546.5 214.4 1
546.5 214.3 1
546.5 214.2 1
546.5 214.1 1
546.5 214.0 1
546.3 214.1 1
546.1 214.2 1
545.9 214.3 1
545.7 214.4 1
545.5 214.5 1
545.4 214.5 1
545.3 214.5 1
545.2 214.5 1
545.1 214.5 1
545.0 214.5 1
545.0 214.5 1
545.0 214.5 1
545.0 214.5 1
545.0 214.5 1
545.0 214.5 1
545.0 214.2 1
545.0 213.9 1
545.0 213.6 1
545.0 213.3 1
545.0 213.0 1
544.9 210.7 1
544.8 208.4 1
544.7 206.1 1
544.6 203.8 1
544.5 201.5 1
544.8 199.9 1
545.1 198.3 1
545.4 196.7 1
545.7 195.1 1
546.0 193.5 1
546.2 192.3 1
546.4 191.1 1
546.6 189.9 1
546.8 188.7 1
547.0 187.5 1
547.2 186.2 1
547.4 184.9 1
547.6 183.6 1
547.8 182.3 1
548.0 181.0 1
548.2 177.2 1
548.4 173.4 1
548.6 169.6 1
548.8 165.8 1
549.0 162.0 1
549.5 160.4 1
550.0 158.8 1
550.5 157.2 1
551.0 155.6 1
551.5 154.0 1
551.7 152.7 1
551.9 151.4 1
552.1 150.1 1
552.3 148.8 1
552.5 147.5 1
552.1 143.7 1
551.7 139.9 1
551.3 136.1 1
550.9 132.3 1
550.5 128.5 1
550.5 127.2 1
550.5 125.9 1
550.5 124.6 1
550.5 123.3 1
550.5 122.0 1
550.3 121.3 1
550.1 120.6 1
549.9 119.9 1
549.7 119.2 1
549.5 118.5 1
549.4 118.2 1
549.3 117.9 1
549.2 117.6 1
549.1 117.3 1
549.0 117.0 1
548.8 116.4 1
548.6 115.8 1
548.4 115.2 1
548.2 114.6 1
548.0 114.0 1
548.2 113.7 1
548.4 113.4 1
548.6 113.1 1
548.8 112.8 1
549.0 112.5 1
548.9 112.6 1
548.8 112.7 1
548.7 112.8 1
548.6 112.9 1
548.5 113.0 1
548.4 113.3 1
548.3 113.6 1
548.2 113.9 1
548.1 114.2 1
548.0 114.5 1
547.9 114.5 1
547.8 114.5 1
547.7 114.5 1
547.6 114.5 1
547.5 114.5 1
547.3 114.8 1
547.1 115.1 1
546.9 115.4 1
546.7 115.7 1
546.5 116.0 1
546.2 116.2 1
545.9 116.4 1
545.6 116.6 1
545.3 116.8 1
545.0 117.0 1
544.2 116.7 1
543.4 116.4 1
542.6 116.1 1
541.8 115.8 1
541.0 115.5 1
537.1 114.3 1
533.2 113.1 1
529.3 111.9 1
525.4 110.7 1
521.5 109.5 1
520.1 109.5 1
518.7 109.5 1
517.3 109.5 1
515.9 109.5 1
514.5 109.5 1
513.1 109.2 1
511.7 108.9 1
510.3 108.6 1
508.9 108.3 1
507.5 108.0 1
505.8 107.3 1
504.1 106.6 1
502.4 105.9 1
500.7 105.2 1
499.0 104.5 1
496.3 103.2 1
493.6 101.9 1
490.9 100.6 1
488.2 99.3 1
485.5 98.0 1
483.9 97.5 1
482.3 97.0 1
480.7 96.5 1
479.1 96.0 1
477.5 95.5 1
475.7 95.0 1
473.9 94.5 1
472.1 94.0 1
470.3 93.5 1
468.5 93.0 1
466.5 92.4 1
464.5 91.8 1
462.5 91.2 1
460.5 90.6 1
458.5 90.0 1
456.6 89.3 1
454.7 88.6 1
452.8 87.9 1
450.9 87.2 1
449.0 86.5 1
447.4 86.2 1
445.8 85.9 1
444.2 85.6 1
442.6 85.3 1
441.0 85.0 1
439.4 84.7 1
437.8 84.4 1
436.2 84.1 1
434.6 83.8 1
433.0 83.5 1
432.2 83.4 1
431.4 83.3 1
430.6 83.2 1
429.8 83.1 1
429.0 83.0 1
428.9 83.1 1
428.8 83.2 1
428.7 83.3 1
428.6 83.4 1
428.5 83.5 1
428.6 83.6 1
428.7 83.7 1
428.8 83.8 1
428.9 83.9 1
429.0 84.0 1
429.4 84.2 1
429.8 84.4 1
430.2 84.6 1
430.6 84.8 1
431.0 85.0 1
431.3 85.2 1
431.6 85.4 1
431.9 85.6 1
432.2 85.8 1
432.5 86.0 1
432.8 86.2 1
433.1 86.4 1
433.4 86.6 1
433.7 86.8 1
434.0 87.0 1
434.3 87.4 1
434.6 87.8 1
434.9 88.2 1
435.2 88.6 1
435.5 89.0 1
435.8 89.7 1
436.1 90.4 1
436.4 91.1 1
436.7 91.8 1
437.0 92.5 1
436.8 93.7 1
436.6 94.9 1
436.4 96.1 1
436.2 97.3 1
436.0 98.5 1
435.4 101.2 1
434.8 103.9 1
434.2 106.6 1
433.6 109.3 1
433.0 112.0 1
432.4 113.2 1
431.8 114.4 1
431.2 115.6 1
430.6 116.8 1
430.0 118.0 1
429.7 118.6 1
429.4 119.2 1
429.1 119.8 1
428.8 120.4 1
428.5 121.0 1
428.2 121.3 1
427.9 121.6 1
427.6 121.9 1
427.3 122.2 1
427.0 122.5 1
427.0 122.6 1
427.0 122.7 1
427.0 122.8 1
427.0 122.9 1
427.0 123.0 1
427.3 123.2 1
427.6 123.4 1
427.9 123.6 1
428.2 123.8 1
428.5 124.0 1
429.3 124.2 1
430.1 124.4 1
430.9 124.6 1
431.7 124.8 1
432.5 125.0 1
434.5 124.6 1
436.5 124.2 1
438.5 123.8 1
440.5 123.4 1
442.5 123.0 1
445.0 123.3 1
447.5 123.6 1
450.0 123.9 1
452.5 124.2 1
455.0 124.5 1
457.4 125.2 1
459.8 125.9 1
462.2 126.6 1
464.6 127.3 1
467.0 128.0 1
469.9 128.7 1
472.8 129.4 1
475.7 130.1 1
478.6 130.8 1
481.5 131.5 1
484.3 132.6 1
487.1 133.7 1
489.9 134.8 1
492.7 135.9 1
495.5 137.0 1
500.1 138.3 1
504.7 139.6 1
509.3 140.9 1
513.9 142.2 1
518.5 143.5 1
521.8 144.3 1
525.1 145.1 1
528.4 145.9 1
531.7 146.7 1
535.0 147.5 1
537.8 148.7 1
540.6 149.9 1
543.4 151.1 1
546.2 152.3 1
549.0 153.5 1
552.4 155.6 1
555.8 157.7 1
559.2 159.8 1
562.6 161.9 1
566.0 164.0 1
567.5 165.4 1
569.0 166.8 1
570.5 168.2 1
572.0 169.6 1
573.5 171.0 1
575.5 172.5 1
577.5 174.0 1
579.5 175.5 1
581.5 177.0 1
583.5 178.5 1
585.8 181.4 1
588.1 184.3 1
590.4 187.2 1
592.7 190.1 1
595.0 193.0 1
596.2 194.5 1
597.4 196.0 1
598.6 197.5 1
599.8 199.0 1
601.0 200.5 1
601.9 201.5 1
602.8 202.5 1
603.7 203.5 1
604.6 204.5 1
605.5 205.5 1
606.1 205.9 1
606.7 206.3 1
607.3 206.7 1
607.9 207.1 1
608.5 207.5 1
608.9 207.9 1
609.3 208.3 1
609.7 208.7 1
610.1 209.1 1
610.5 209.5 1
610.5 209.1 1
610.5 208.7 1
610.5 208.3 1
610.5 207.9 1
610.5 207.5 1
610.0 206.5 1
609.5 205.5 1
609.0 204.5 1
608.5 203.5 1
608.0 202.5 1
608.0 202.4 1
608.0 202.3 1
608.0 202.2 1
608.0 202.1 1
608.0 202.0 1
607.8 202.2 1
607.6 202.4 1
607.4 202.6 1
607.2 202.8 1
607.0 203.0 1
607.1 203.4 1
607.2 203.8 1
607.3 204.2 1
607.4 204.6 1
607.5 205.0 1
607.4 205.9 1
607.3 206.8 1
607.2 207.7 1
607.1 208.6 1
607.0 209.5 1
607.0 210.5 1
607.0 211.5 1
607.0 212.5 1
607.0 213.5 1
607.0 214.5 1
607.0 215.9 1
607.0 217.3 1
607.0 218.7 1
607.0 220.1 1
607.0 221.5 1
607.4 226.4 1
607.8 231.3 1
608.2 236.2 1
608.6 241.1 1
609.0 246.0 1
609.0 247.6 1
609.0 249.2 1
609.0 250.8 1
609.0 252.4 1
609.0 254.0 1
608.9 255.2 1
608.8 256.4 1
608.7 257.6 1
608.6 258.8 1
608.5 260.0 1
608.3 260.6 1
608.1 261.2 1
607.9 261.8 1
607.7 262.4 1
607.5 263.0 1
607.5 263.3 1
607.5 263.6 1
607.5 263.9 1
607.5 264.2 1
607.5 264.5 1
607.3 264.4 1
607.1 264.3 1
606.9 264.2 1
606.7 264.1 1
606.5 264.0 1
605.9 263.4 1
605.3 262.8 1
604.7 262.2 1
604.1 261.6 1
603.5 261.0 1
602.7 260.1 1
601.9 259.2 1
601.1 258.3 1
600.3 257.4 1
599.5 256.5 1
598.3 255.1 1
597.1 253.7 1
595.9 252.3 1
594.7 250.9 1
593.5 249.5 1
592.2 248.2 1
590.9 246.9 1
589.6 245.6 1
588.3 244.3 1
587.0 243.0 1
584.7 240.2 1
582.4 237.4 1
580.1 234.6 1
577.8 231.8 1
575.5 229.0 1
573.2 227.0 1
570.9 225.0 1
568.6 223.0 1
566.3 221.0 1
564.0 219.0 1
561.7 217.2 1
559.4 215.4 1
557.1 213.6 1
554.8 211.8 1
552.5 210.0 1
550.0 208.4 1
547.5 206.8 1
545.0 205.2 1
542.5 203.6 1
540.0 202.0 1
536.6 200.6 1
533.2 199.2 1
529.8 197.8 1
526.4 196.4 1
523.0 195.0 1
519.8 193.7 1
516.6 192.4 1
513.4 191.1 1
510.2 189.8 1
507.0 188.5 1
503.8 187.3 1
500.6 186.1 1
497.4 184.9 1
494.2 183.7 1
491.0 182.5 1
488.0 181.5 1
485.0 180.5 1
482.0 179.5 1
479.0 178.5 1
476.0 177.5 1
473.2 176.8 1
470.4 176.1 1
467.6 175.4 1
464.8 174.7 1
462.0 174.0 1
459.3 173.3 1
456.6 172.6 1
453.9 171.9 1
451.2 171.2 1
448.5 170.5 1
446.3 169.7 1
444.1 168.9 1
441.9 168.1 1
439.7 167.3 1
437.5 166.5 1
435.8 165.7 1
434.1 164.9 1
432.4 164.1 1
430.7 163.3 1
429.0 162.5 1
427.9 162.2 1
426.8 161.9 1
425.7 161.6 1
424.6 161.3 1
423.5 161.0 1
422.8 160.8 1
422.1 160.6 1
421.4 160.4 1
420.7 160.2 1
420.0 160.0 1
419.5 159.6 1
419.0 159.2 1
418.5 158.8 1
418.0 158.4 1
417.5 158.0 1
417.8 157.9 1
418.1 157.8 1
418.4 157.7 1
418.7 157.6 1
419.0 157.5 1
416.4 158.2 1
413.8 158.9 1
411.2 159.6 1
408.6 160.3 1
406.0 161.0 1
406.4 155.5 0
406.8 150.0 0
407.2 144.5 0
407.6 139.0 0
408.0 133.5 0
408.0 133.4 0
408.0 133.3 0
408.0 133.2 0
408.0 133.1 0
408.0 133.0 0
410.5 138.3 0
413.0 143.6 0
415.5 148.9 1
418.0 154.2 1
420.5 159.5 1
420.7 162.8 1
420.9 166.1 1
421.1 169.4 1
421.3 172.7 1
421.5 176.0 1
422.1 177.9 1
422.7 179.8 1
423.3 181.7 1
423.9 183.6 1
424.5 185.5 1
424.5 186.1 1
424.5 186.7 1
424.5 187.3 1
424.5 187.9 1
424.5 188.5 1
424.6 188.5 1
424.7 188.5 1
424.8 188.5 1
424.9 188.5 1
425.0 188.5 1
425.6 188.4 1
426.2 188.3 1
426.8 188.2 1
427.4 188.1 1
428.0 188.0 1
429.0 188.5 1
430.0 189.0 1
431.0 189.5 1
432.0 190.0 1
433.0 190.5 1
434.7 190.9 1
436.4 191.3 1
438.1 191.7 1
439.8 192.1 1
441.5 192.5 1
443.6 192.8 1
445.7 193.1 1
447.8 193.4 1
449.9 193.7 1
452.0 194.0 1
453.9 194.6 1
455.8 195.2 1
457.7 195.8 1
459.6 196.4 1
461.5 197.0 1
463.5 197.4 1
465.5 197.8 1
467.5 198.2 1
469.5 198.6 1
471.5 199.0 1
475.9 200.1 1
480.3 201.2 1
484.7 202.3 1
489.1 203.4 1
493.5 204.5 1
496.5 205.5 1
499.5 206.5 1
502.5 207.5 1
505.5 208.5 1
508.5 209.5 1
511.4 210.2 1
514.3 210.9 1
517.2 211.6 1
520.1 212.3 1
523.0 213.0 1
526.0 214.1 1
529.0 215.2 1
532.0 216.3 1
535.0 217.4 1
538.0 218.5 1
540.7 219.8 1
543.4 221.1 1
546.1 222.4 1
548.8 223.7 1
551.5 225.0 1
553.6 226.4 1
555.7 227.8 1
557.8 229.2 1
559.9 230.6 1
562.0 232.0 1
564.1 233.2 1
566.2 234.4 1
568.3 235.6 1
570.4 236.8 1
572.5 238.0 1
575.3 240.1 1
578.1 242.2 1
580.9 244.3 1
583.7 246.4 1
586.5 248.5 1
587.8 249.2 1
589.1 249.9 1
590.4 250.6 1
591.7 251.3 1
593.0 252.0 1
594.1 252.9 1
595.2 253.8 1
596.3 254.7 1
597.4 255.6 1
598.5 256.5 1
599.1 257.1 1
599.7 257.7 1
600.3 258.3 1
600.9 258.9 1
601.5 259.5 1
602.0 259.7 1
602.5 259.9 1
603.0 260.1 1
603.5 260.3 1
604.0 260.5 1
604.2 260.6 1
604.4 260.7 1
604.6 260.8 1
604.8 260.9 1
605.0 261.0 1
604.9 260.8 1
604.8 260.6 1
604.7 260.4 1
604.6 260.2 1
604.5 260.0 1
604.5 260.2 1
604.5 260.4 1
604.5 260.6 1
604.5 260.8 1
604.5 261.0 1
604.4 261.5 1
604.3 262.0 1
604.2 262.5 1
604.1 263.0 1
604.0 263.5 1
603.7 264.8 1
603.4 266.1 1
603.1 267.4 1
602.8 268.7 1
602.5 270.0 1
602.0 271.5 1
601.5 273.0 1
601.0 274.5 1
600.5 276.0 1
600.0 277.5 1
599.3 279.7 1
598.6 281.9 1
597.9 284.1 1
597.2 286.3 1
596.5 288.5 1
595.1 291.6 1
593.7 294.7 1
592.3 297.8 1
590.9 300.9 1
589.5 304.0 1
588.9 304.7 1
588.3 305.4 1
587.7 306.1 1
587.1 306.8 1
586.5 307.5 1
586.3 307.9 1
586.1 308.3 1
585.9 308.7 1
585.7 309.1 1
585.5 309.5 1
585.2 309.8 1
584.9 310.1 1
584.6 310.4 1
584.3 310.7 1
584.0 311.0 1
583.4 309.4 1
582.8 307.8 1
582.2 306.2 1
581.6 304.6 1
581.0 303.0 1
580.0 302.4 1
579.0 301.8 1
578.0 301.2 1
577.0 300.6 1
576.0 300.0 1
574.6 299.4 1
573.2 298.8 1
571.8 298.2 1
570.4 297.6 1
569.0 297.0 1
567.5 296.1 1
566.0 295.2 1
564.5 294.3 1
563.0 293.4 1
561.5 292.5 1
559.8 291.7 1
558.1 290.9 1
556.4 290.1 1
554.7 289.3 1
553.0 288.5 1
550.7 287.6 1
548.4 286.7 1
546.1 285.8 1
543.8 284.9 1
541.5 284.0 1
539.0 282.6 1
536.5 281.2 1
534.0 279.8 1
531.5 278.4 1
529.0 277.0 1
522.5 273.1 1
516.0 269.2 1
509.5 265.3 1
503.0 261.4 1
496.5 257.5 1
493.8 256.3 1
491.1 255.1 1
488.4 253.9 1
485.7 252.7 1
483.0 251.5 1
480.1 250.1 1
477.2 248.7 1
474.3 247.3 1
471.4 245.9 1
468.5 244.5 1
463.9 243.4 1
459.3 242.3 1
454.7 241.2 1
450.1 240.1 1
445.5 239.0 1
443.8 238.1 1
442.1 237.2 1
440.4 236.3 1
438.7 235.4 1
437.0 234.5 1
435.1 232.6 1
433.2 230.7 1
431.3 228.8 1
429.4 226.9 1
427.5 225.0 1
426.2 222.7 1
424.9 220.4 1
423.6 218.1 1
422.3 215.8 1
421.0 213.5 1
420.0 212.2 1
419.0 210.9 1
418.0 209.6 1
417.0 208.3 1
416.0 207.0 1
414.2 205.8 1
412.4 204.6 1
410.6 203.4 1
408.8 202.2 1
407.0 201.0 1
405.9 200.0 1
404.8 199.0 1
403.7 198.0 1
402.6 197.0 1
401.5 196.0 1
401.1 196.2 1
400.7 196.4 1
400.3 196.6 1
399.9 196.8 1
399.5 197.0 1
399.1 197.0 1
398.7 197.0 1
398.3 197.0 1
397.9 197.0 1
397.5 197.0 1
397.7 197.2 1
397.9 197.4 1
398.1 197.6 1
398.3 197.8 1
398.5 198.0 1
398.5 198.4 1
398.5 198.8 1
398.5 199.2 1
398.5 199.6 1
398.5 200.0 1
398.7 201.1 1
398.9 202.2 1
399.1 203.3 1
399.3 204.4 1
399.5 205.5 1
399.9 207.2 1
400.3 208.9 1
400.7 210.6 1
401.1 212.3 1
401.5 214.0 1
401.7 215.8 1
401.9 217.6 1
402.1 219.4 1
402.3 221.2 1
402.5 223.0 1
401.6 225.4 1
400.7 227.8 1
399.8 230.2 1
398.9 232.6 1
398.0 235.0 1
398.5 235.6 1
399.0 236.2 1
399.5 236.8 1
400.0 237.4 1
400.5 238.0 1
400.7 238.6 1
400.9 239.2 1
401.1 239.8 1
401.3 240.4 1
401.5 241.0 1
401.6 239.1 1
401.7 237.2 1
401.8 235.3 1
401.9 233.4 1
402.0 231.5 1
402.5 231.4 1
403.0 231.3 1
403.5 231.2 1
404.0 231.1 1
404.5 231.0 1
407.1 231.7 1
409.7 232.4 1
412.3 233.1 1
414.9 233.8 1
417.5 234.5 1
419.6 235.2 1
421.7 235.9 1
423.8 236.6 1
425.9 237.3 1
428.0 238.0 1
429.6 238.4 1
431.2 238.8 1
432.8 239.2 1
434.4 239.6 1
436.0 240.0 1
438.2 240.5 1
440.4 241.0 1
442.6 241.5 1
444.8 242.0 1
447.0 242.5 1
448.8 243.1 1
450.6 243.7 1
452.4 244.3 1
454.2 244.9 1
456.0 245.5 1
461.1 247.8 1
466.2 250.1 1
471.3 252.4 1
476.4 254.7 1
481.5 257.0 1
484.2 258.4 1
486.9 259.8 1
489.6 261.2 1
492.3 262.6 1
495.0 264.0 1
497.3 264.5 1
499.6 265.0 1
501.9 265.5 1
504.2 266.0 1
506.5 266.5 1
509.6 268.1 1
512.7 269.7 1
515.8 271.3 1
518.9 272.9 1
522.0 274.5 1
526.3 276.4 1
530.6 278.3 1
534.9 280.2 1
539.2 282.1 1
543.5 284.0 1
545.6 285.1 1
547.7 286.2 1
549.8 287.3 1
551.9 288.4 1
554.0 289.5 1
555.8 290.4 1
557.6 291.3 1
559.4 292.2 1
561.2 293.1 1
563.0 294.0 1
565.0 294.8 1
567.0 295.6 1
569.0 296.4 1
571.0 297.2 1
573.0 298.0 1
573.9 298.5 1
574.8 299.0 1
575.7 299.5 1
576.6 300.0 1
577.5 300.5 1
578.1 300.9 1
578.7 301.3 1
579.3 301.7 1
579.9 302.1 1
580.5 302.5 1
580.9 302.8 1
581.3 303.1 1
581.7 303.4 1
582.1 303.7 1
582.5 304.0 1
582.6 304.4 1
582.7 304.8 1
582.8 305.2 1
582.9 305.6 1
583.0 306.0 1
582.9 306.0 1
582.8 306.0 1
582.7 306.0 1
582.6 306.0 1
582.5 306.0 1
582.3 305.8 1
582.1 305.6 1
581.9 305.4 1
581.7 305.2 1
581.5 305.0 1
581.3 305.1 1
581.1 305.2 1
580.9 305.3 1
580.7 305.4 1
580.5 305.5 1
579.8 305.9 1
579.1 306.3 1
578.4 306.7 1
577.7 307.1 1
577.0 307.5 1
576.3 308.4 1
575.6 309.3 1
574.9 310.2 1
574.2 311.1 1
573.5 312.0 1
572.0 315.2 1
570.5 318.4 1
569.0 321.6 1
567.5 324.8 1
566.0 328.0 1
565.3 329.0 1
564.6 330.0 1
563.9 331.0 1
563.2 332.0 1
562.5 333.0 1
561.8 333.3 1
561.1 333.6 1
560.4 333.9 1
559.7 334.2 1
559.0 334.5 1
558.6 334.5 1
558.2 334.5 1
557.8 334.5 1
557.4 334.5 1
557.0 334.5 1
556.8 334.4 1
556.6 334.3 1
556.4 334.2 1
556.2 334.1 1
556.0 334.0 1
555.1 333.6 1
554.2 333.2 1
553.3 332.8 1
552.4 332.4 1
551.5 332.0 1
549.0 329.8 1
546.5 327.6 1
544.0 325.4 1
541.5 323.2 1
539.0 321.0 1
537.7 320.4 1
536.4 319.8 1
535.1 319.2 1
533.8 318.6 1
532.5 318.0 1
530.9 317.3 1
529.3 316.6 1
527.7 315.9 1
526.1 315.2 1
524.5 314.5 1
522.4 313.7 1
520.3 312.9 1
518.2 312.1 1
516.1 311.3 1
514.0 310.5 1
511.7 309.6 1
509.4 308.7 1
507.1 307.8 1
504.8 306.9 1
502.5 306.0 1
499.3 305.0 1
496.1 304.0 1
492.9 303.0 1
489.7 302.0 1
486.5 301.0 1
483.1 299.2 1
479.7 297.4 1
476.3 295.6 1
472.9 293.8 1
469.5 292.0 1
465.8 289.8 1
462.1 287.6 1
458.4 285.4 1
454.7 283.2 1
451.0 281.0 1
446.7 279.9 1
442.4 278.8 1
438.1 277.7 1
433.8 276.6 1
429.5 275.5 1
427.7 274.5 1
425.9 273.5 1
424.1 272.5 1
422.3 271.5 1
420.5 270.5 1
417.4 268.9 1
414.3 267.3 1
411.2 265.7 1
408.1 264.1 1
405.0 262.5 1
401.0 259.7 1
397.0 256.9 1
393.0 254.1 1
389.0 251.3 1
385.0 248.5 1
384.1 247.3 1
383.2 246.1 1
382.3 244.9 1
381.4 243.7 1
380.5 242.5 1
377.6 240.9 1
374.7 239.3 1
371.8 237.7 1
368.9 236.1 1
366.0 234.5 1
365.7 233.5 1
365.4 232.5 1
365.1 231.5 1
364.8 230.5 1
364.5 229.5 1
364.1 229.4 1
363.7 229.3 1
363.3 229.2 1
362.9 229.1 1
362.5 229.0 1
362.8 229.8 1
363.1 230.6 1
363.4 231.4 1
363.7 232.2 1
364.0 233.0 1
365.1 234.0 1
366.2 235.0 1
367.3 236.0 1
368.4 237.0 1
369.5 238.0 1
371.9 237.0 1
374.3 236.0 1
376.7 235.0 1
379.1 234.0 1
381.5 233.0 1
381.2 232.0 1
380.9 231.0 1
380.6 230.0 1
380.3 229.0 1
380.0 228.0 1
379.7 225.7 1
379.4 223.4 1
379.1 221.1 1
378.8 218.8 1
378.5 216.5 1
378.3 213.6 1
378.1 210.7 1
377.9 207.8 1
377.7 204.9 1
377.5 202.0 1
377.9 200.5 1
378.3 199.0 1
378.7 197.5 1
379.1 196.0 1
379.5 194.5 1
379.4 195.1 1
379.3 195.7 1
379.2 196.3 1
379.1 196.9 1
379.0 197.5 1
379.0 198.2 1
379.0 198.9 1
379.0 199.6 1
379.0 200.3 1
379.0 201.0 1
380.6 201.1 1
382.2 201.2 1
383.8 201.3 1
385.4 201.4 1
387.0 201.5 1
388.0 202.0 1
389.0 202.5 1
390.0 203.0 1
391.0 203.5 1
392.0 204.0 1
393.7 204.3 1
395.4 204.6 1
397.1 204.9 1
398.8 205.2 1
400.5 205.5 1
401.9 206.6 1
403.3 207.7 1
404.7 208.8 1
406.1 209.9 1
407.5 211.0 1
410.3 211.9 1
413.1 212.8 1
415.9 213.7 1
418.7 214.6 1
421.5 215.5 1
424.7 218.3 1
427.9 221.1 1
431.1 223.9 1
434.3 226.7 1
437.5 229.5 1
441.4 230.7 1
445.3 231.9 1
449.2 233.1 1
453.1 234.3 1
457.0 235.5 1
460.7 237.0 1
464.4 238.5 1
468.1 240.0 1
471.8 241.5 1
475.5 243.0 1
478.7 244.6 1
481.9 246.2 1
485.1 247.8 1
488.3 249.4 1
491.5 251.0 1
497.1 255.3 1
502.7 259.6 1
508.3 263.9 1
513.9 268.2 1
519.5 272.5 1
521.1 272.7 1
522.7 272.9 1
524.3 273.1 1
525.9 273.3 1
527.5 273.5 1
530.1 275.1 1
532.7 276.7 1
535.3 278.3 1
537.9 279.9 1
540.5 281.5 1
542.9 282.8 1
545.3 284.1 1
547.7 285.4 1
550.1 286.7 1
552.5 288.0 1
554.1 289.2 1
555.7 290.4 1
557.3 291.6 1
558.9 292.8 1
560.5 294.0 1
561.8 295.1 1
563.1 296.2 1
564.4 297.3 1
565.7 298.4 1
567.0 299.5 1
568.8 301.6 1
570.6 303.7 1
572.4 305.8 1
574.2 307.9 1
576.0 310.0 1
576.7 310.5 1
577.4 311.0 1
578.1 311.5 1
578.8 312.0 1
579.5 312.5 1
579.8 312.8 1
580.1 313.1 1
580.4 313.4 1
580.7 313.7 1
581.0 314.0 1
581.0 314.3 1
581.0 314.6 1
581.0 314.9 1
581.0 315.2 1
581.0 315.5 1
581.1 315.6 1
581.2 315.7 1
581.3 315.8 1
581.4 315.9 1
581.5 316.0 1
581.2 315.8 1
580.9 315.6 1
580.6 315.4 1
580.3 315.2 1
580.0 315.0 1
580.0 314.5 1
580.0 314.0 1
580.0 313.5 1
580.0 313.0 1
580.0 312.5 1
579.9 311.2 1
579.8 309.9 1
579.7 308.6 1
579.6 307.3 1
579.5 306.0 1
581.0 301.8 1
582.5 297.6 1
584.0 293.4 1
585.5 289.2 1
587.0 285.0 1
587.4 283.2 1
587.8 281.4 1
588.2 279.6 1
588.6 277.8 1
589.0 276.0 1
589.2 274.0 1
589.4 272.0 1
589.6 270.0 1
589.8 268.0 1
590.0 266.0 1
590.5 264.6 1
591.0 263.2 1
591.5 261.8 1
592.0 260.4 1
592.5 259.0 1
592.4 258.7 1
592.3 258.4 1
592.2 258.1 1
592.1 257.8 1
592.0 257.5 1
591.7 257.2 1
591.4 256.9 1
591.1 256.6 1
590.8 256.3 1
590.5 256.0 1
589.8 255.8 1
589.1 255.6 1
588.4 255.4 1
587.7 255.2 1
587.0 255.0 1
586.2 254.7 1
585.4 254.4 1
584.6 254.1 1
583.8 253.8 1
583.0 253.5 1
581.9 253.1 1
580.8 252.7 1
579.7 252.3 1
578.6 251.9 1
577.5 251.5 1
576.3 250.9 1
575.1 250.3 1
573.9 249.7 1
572.7 249.1 1
571.5 248.5 1
570.0 247.6 1
568.5 246.7 1
567.0 245.8 1
565.5 244.9 1
564.0 244.0 1
561.5 242.7 1
559.0 241.4 1
556.5 240.1 1
554.0 238.8 1
551.5 237.5 1
547.1 235.4 1
542.7 233.3 1
538.3 231.2 1
533.9 229.1 1
529.5 227.0 1
527.1 226.3 1
524.7 225.6 1
522.3 224.9 1
519.9 224.2 1
517.5 223.5 1
514.8 222.5 1
512.1 221.5 1
509.4 220.5 1
506.7 219.5 1
504.0 218.5 1
500.8 217.7 1
497.6 216.9 1
494.4 216.1 1
491.2 215.3 1
488.0 214.5 1
485.2 213.6 1
482.4 212.7 1
479.6 211.8 1
476.8 210.9 1
474.0 210.0 1
471.3 209.5 1
468.6 209.0 1
465.9 208.5 1
463.2 208.0 1
460.5 207.5 1
457.7 206.8 1
454.9 206.1 1
452.1 205.4 1
449.3 204.7 1
446.5 204.0 1
443.9 203.2 1
441.3 202.4 1
438.7 201.6 1
436.1 200.8 1
433.5 200.0 1
429.0 198.8 1
424.5 197.6 1
420.0 196.4 1
415.5 195.2 1
411.0 194.0 1
409.2 193.3 1
407.4 192.6 1
405.6 191.9 1
403.8 191.2 1
402.0 190.5 1
400.1 189.7 1
398.2 188.9 1
396.3 188.1 1
394.4 187.3 1
392.5 186.5 1
390.6 186.0 1
388.7 185.5 1
386.8 185.0 1
384.9 184.5 1
383.0 184.0 1
382.0 183.7 1
381.0 183.4 1
380.0 183.1 1
379.0 182.8 1
378.0 182.5 1
377.3 182.8 1
376.6 183.1 1
375.9 183.4 1
375.2 183.7 1
374.5 184.0 1
374.6 184.2 1
374.7 184.4 1
374.8 184.6 1
374.9 184.8 1
375.0 185.0 1
375.4 185.2 1
375.8 185.4 1
376.2 185.6 1
376.6 185.8 1
377.0 186.0 1
377.4 185.7 1
377.8 185.4 1
378.2 185.1 1
378.6 184.8 1
379.0 184.5 1
379.5 180.1 1
380.0 175.7 1
380.5 171.3 1
381.0 166.9 1
381.5 162.5 1
382.3 161.4 1
383.1 160.3 1
383.9 159.2 1
384.7 158.1 1
385.5 157.0 1
385.7 156.1 1
385.9 155.2 1
386.1 154.3 1
386.3 153.4 1
386.5 152.5 1
387.1 152.2 1
387.7 151.9 1
388.3 151.6 1
388.9 151.3 1
389.5 151.0 1
390.0 151.4 1
390.5 151.8 1
391.0 152.2 1
391.5 152.6 1
392.0 153.0 1
392.3 153.2 1
392.6 153.4 1
392.9 153.6 1
393.2 153.8 1
393.5 154.0 1
394.1 154.6 1
394.7 155.2 1
395.3 155.8 1
395.9 156.4 1
396.5 157.0 1
397.5 157.8 1
398.5 158.6 1
399.5 159.4 1
400.5 160.2 1
401.5 161.0 1
402.9 162.1 1
404.3 163.2 1
405.7 164.3 1
407.1 165.4 1
408.5 166.5 1
410.1 167.5 1
411.7 168.5 1
413.3 169.5 1
414.9 170.5 1
416.5 171.5 1
418.9 172.4 1
421.3 173.3 1
423.7 174.2 1
426.1 175.1 1
428.5 176.0 1
431.1 176.9 1
433.7 177.8 1
436.3 178.7 1
438.9 179.6 1
441.5 180.5 1
444.4 181.7 1
447.3 182.9 1
450.2 184.1 1
453.1 185.3 1
456.0 186.5 1
458.3 187.7 1
460.6 188.9 1
462.9 190.1 1
465.2 191.3 1
467.5 192.5 1
470.0 194.0 1
472.5 195.5 1
475.0 197.0 1
477.5 198.5 1
480.0 200.0 1
487.8 204.4 1
495.6 208.8 1
503.4 213.2 1
511.2 217.6 1
519.0 222.0 1
521.9 224.1 1
524.8 226.2 1
527.7 228.3 1
530.6 230.4 1
533.5 232.5 1
535.7 234.5 1
537.9 236.5 1
540.1 238.5 1
542.3 240.5 1
544.5 242.5 1
545.7 243.3 1
546.9 244.1 1
548.1 244.9 1
549.3 245.7 1
550.5 246.5 1
552.5 248.1 1
554.5 249.7 1
556.5 251.3 1
558.5 252.9 1
560.5 254.5 1
562.2 255.7 1
563.9 256.9 1
565.6 258.1 1
567.3 259.3 1
569.0 260.5 1
570.5 261.4 1
572.0 262.3 1
573.5 263.2 1
575.0 264.1 1
576.5 265.0 1
577.3 265.5 1
578.1 266.0 1
578.9 266.5 1
579.7 267.0 1
580.5 267.5 1
581.0 267.8 1
581.5 268.1 1
582.0 268.4 1
582.5 268.7 1
583.0 269.0 1
583.2 269.4 1
583.4 269.8 1
583.6 270.2 1
583.8 270.6 1
584.0 271.0 1
583.9 271.0 1
583.8 271.0 1
583.7 271.0 1
583.6 271.0 1
583.5 271.0 1
583.3 270.7 1
583.1 270.4 1
582.9 270.1 1
582.7 269.8 1
582.5 269.5 1
582.5 268.0 1
582.5 266.5 1
582.5 265.0 1
582.5 263.5 1
582.5 262.0 1
582.5 258.5 1
582.5 255.0 1
582.5 251.5 1
582.5 248.0 1
582.5 244.5 1
582.6 242.7 1
582.7 240.9 1
582.8 239.1 1
582.9 237.3 1
583.0 235.5 1
583.0 231.1 1
583.0 226.7 1
583.0 222.3 1
583.0 217.9 1
583.0 213.5 1
583.0 212.1 1
583.0 210.7 1
583.0 209.3 1
583.0 207.9 1
583.0 206.5 1
582.7 205.5 1
582.4 204.5 1
582.1 203.5 1
581.8 202.5 1
581.5 201.5 1
581.3 201.0 1
581.1 200.5 1
580.9 200.0 1
580.7 199.5 1
580.5 199.0 1
580.0 199.1 1
579.5 199.2 1
579.0 199.3 1
578.5 199.4 1
578.0 199.5 1
577.0 199.0 1
576.0 198.5 1
575.0 198.0 1
574.0 197.5 1
573.0 197.0 1
570.5 194.5 1
568.0 192.0 1
565.5 189.5 1
563.0 187.0 1
560.5 184.5 1
558.8 183.5 1
557.1 182.5 1
555.4 181.5 1
553.7 180.5 1
552.0 179.5 1
549.6 178.3 1
547.2 177.1 1
544.8 175.9 1
542.4 174.7 1
540.0 173.5 1
537.5 172.6 1
535.0 171.7 1
532.5 170.8 1
530.0 169.9 1
527.5 169.0 1
524.7 168.1 1
521.9 167.2 1
519.1 166.3 1
516.3 165.4 1
513.5 164.5 1
510.7 163.7 1
507.9 162.9 1
505.1 162.1 1
502.3 161.3 1
499.5 160.5 1
496.5 159.8 1
493.5 159.1 1
490.5 158.4 1
487.5 157.7 1
484.5 157.0 1
481.2 156.4 1
477.9 155.8 1
474.6 155.2 1
471.3 154.6 1
468.0 154.0 1
461.8 152.3 1
455.6 150.6 1
449.4 148.9 1
443.2 147.2 1
437.0 145.5 1
434.6 145.4 1
432.2 145.3 1
429.8 145.2 1
427.4 145.1 1
425.0 145.0 1
422.4 144.8 1
419.8 144.6 1
417.2 144.4 1
414.6 144.2 1
412.0 144.0 1
410.0 143.8 1
408.0 143.6 1
406.0 143.4 1
404.0 143.2 1
402.0 143.0 1
400.1 142.8 1
398.2 142.6 1
396.3 142.4 1
394.4 142.2 1
392.5 142.0 1
391.2 141.7 1
389.9 141.4 1
388.6 141.1 1
387.3 140.8 1
386.0 140.5 1
385.2 140.6 1
384.4 140.7 1
383.6 140.8 1
382.8 140.9 1
382.0 141.0 1
381.4 141.4 1
380.8 141.8 1
380.2 142.2 1
379.6 142.6 1
379.0 143.0 1
378.7 143.5 1
378.4 144.0 1
378.1 144.5 1
377.8 145.0 1
377.5 145.5 1
378.0 146.1 1
378.5 146.7 1
379.0 147.3 1
379.5 147.9 1
380.0 148.5 1
380.5 148.6 1
381.0 148.7 1
381.5 148.8 1
382.0 148.9 1
382.5 149.0 1
384.2 145.3 1
385.9 141.6 1
387.6 137.9 1
389.3 134.2 1
391.0 130.5 1
391.7 128.9 1
392.4 127.3 1
393.1 125.7 1
393.8 124.1 1
394.5 122.5 1
395.2 121.8 1
395.9 121.1 1
396.6 120.4 1
397.3 119.7 1
398.0 119.0 1
398.4 115.6 1
398.8 112.2 1
399.2 108.8 1
399.6 105.4 1
400.0 102.0 1
400.9 101.5 1
401.8 101.0 1
402.7 100.5 1
403.6 100.0 1
404.5 99.5 1
404.9 99.3 1
405.3 99.1 1
405.7 98.9 1
406.1 98.7 1
406.5 98.5 1
406.8 98.5 1
407.1 98.5 1
407.4 98.5 1
407.7 98.5 1
408.0 98.5 1
408.8 99.1 1
409.6 99.7 1
410.4 100.3 1
411.2 100.9 1
412.0 101.5 1
413.2 102.0 1
414.4 102.5 1
415.6 103.0 1
416.8 103.5 1
418.0 104.0 1
419.9 104.6 1
421.8 105.2 1
423.7 105.8 1
425.6 106.4 1
427.5 107.0 1
429.6 107.6 1
431.7 108.2 1
433.8 108.8 1
435.9 109.4 1
438.0 110.0 1
440.2 110.7 1
442.4 111.4 1
444.6 112.1 1
446.8 112.8 1
449.0 113.5 1
451.9 114.5 1
454.8 115.5 1
457.7 116.5 1
460.6 117.5 1
463.5 118.5 1
468.0 119.8 1
472.5 121.1 1
477.0 122.4 1
481.5 123.7 1
486.0 125.0 1
489.0 126.2 1
492.0 127.4 1
495.0 128.6 1
498.0 129.8 1
501.0 131.0 1
503.7 132.2 1
506.4 133.4 1
509.1 134.6 1
511.8 135.8 1
514.5 137.0 1
517.5 138.4 1
520.5 139.8 1
523.5 141.2 1
526.5 142.6 1
529.5 144.0 1
532.3 145.9 1
535.1 147.8 1
537.9 149.7 1
540.7 151.6 1
543.5 153.5 1
545.6 155.1 1
547.7 156.7 1
549.8 158.3 1
551.9 159.9 1
554.0 161.5 1
555.7 162.6 1
557.4 163.7 1
559.1 164.8 1
560.8 165.9 1
562.5 167.0 1
565.3 169.3 1
568.1 171.6 1
570.9 173.9 1
573.7 176.2 1
576.5 178.5 1
577.6 179.6 1
578.7 180.7 1
579.8 181.8 1
580.9 182.9 1
582.0 184.0 1
582.9 184.5 1
583.8 185.0 1
584.7 185.5 1
585.6 186.0 1
586.5 186.5 1
585.8 184.7 1
585.1 182.9 1
584.4 181.1 1
583.7 179.3 1
583.0 177.5 1
582.9 177.5 1
582.8 177.5 1
582.7 177.5 1
582.6 177.5 1
582.5 177.5 1
582.5 177.3 1
582.5 177.1 1
582.5 176.9 1
582.5 176.7 1
582.5 176.5 1
582.3 176.2 1
582.1 175.9 1
581.9 175.6 1
581.7 175.3 1
581.5 175.0 1
581.2 175.0 1
580.9 175.0 1
580.6 175.0 1
580.3 175.0 1
580.0 175.0 1
579.9 175.4 1
579.8 175.8 1
579.7 176.2 1
579.6 176.6 1
579.5 177.0 1
579.5 177.4 1
579.5 177.8 1
579.5 178.2 1
579.5 178.6 1
579.5 179.0 1
580.1 182.3 1
580.7 185.6 1
581.3 188.9 1
581.9 192.2 1
582.5 195.5 1
582.4 198.2 1
582.3 200.9 1
582.2 203.6 1
582.1 206.3 1
582.0 209.0 1
581.9 209.9 1
581.8 210.8 1
581.7 211.7 1
581.6 212.6 1
581.5 213.5 1
581.4 213.9 1
581.3 214.3 1
581.2 214.7 1
581.1 215.1 1
581.0 215.5 1
580.8 215.4 1
580.6 215.3 1
580.4 215.2 1
580.2 215.1 1
580.0 215.0 1
579.8 214.7 1
579.6 214.4 1
579.4 214.1 1
579.2 213.8 1
579.0 213.5 1
577.6 211.9 1
576.2 210.3 1
574.8 208.7 1
573.4 207.1 1
572.0 205.5 1
571.1 204.8 1
570.2 204.1 1
569.3 203.4 1
568.4 202.7 1
567.5 202.0 1
566.5 201.3 1
565.5 200.6 1
564.5 199.9 1
563.5 199.2 1
562.5 198.5 1
560.9 197.5 1
559.3 196.5 1
557.7 195.5 1
556.1 194.5 1
554.5 193.5 1
552.9 192.4 1
551.3 191.3 1
549.7 190.2 1
548.1 189.1 1
546.5 188.0 1
544.4 186.6 1
542.3 185.2 1
540.2 183.8 1
538.1 182.4 1
536.0 181.0 1
531.1 178.1 1
526.2 175.2 1
521.3 172.3 1
516.4 169.4 1
511.5 166.5 1
509.1 165.7 1
506.7 164.9 1
504.3 164.1 1
501.9 163.3 1
499.5 162.5 1
496.9 161.6 1
494.3 160.7 1
491.7 159.8 1
489.1 158.9 1
486.5 158.0 1
483.1 156.9 1
479.7 155.8 1
476.3 154.7 1
472.9 153.6 1
469.5 152.5 1
466.8 151.5 1
464.1 150.5 1
461.4 149.5 1
458.7 148.5 1
456.0 147.5 1
453.4 146.8 1
450.8 146.1 1
448.2 145.4 1
445.6 144.7 1
443.0 144.0 1
440.4 143.5 1
437.8 143.0 1
435.2 142.5 1
432.6 142.0 1
430.0 141.5 1
427.2 141.0 1
424.4 140.5 1
421.6 140.0 1
418.8 139.5 1
416.0 139.0 1
414.1 138.7 1
412.2 138.4 1
410.3 138.1 1
408.4 137.8 1
406.5 137.5 1
405.1 137.5 1
403.7 137.5 1
402.3 137.5 1
400.9 137.5 1
399.5 137.5 1
398.4 137.2 1
397.3 136.9 1
396.2 136.6 1
395.1 136.3 1
394.0 136.0 1
393.1 135.8 1
392.2 135.6 1
391.3 135.4 1
390.4 135.2 1
389.5 135.0 1
388.9 134.8 1
388.3 134.6 1
387.7 134.4 1
387.1 134.2 1
386.5 134.0 1
387.8 134.1 1
389.1 134.2 1
390.4 134.3 1
391.7 134.4 1
393.0 134.5 1
393.5 134.8 1
394.0 135.1 1
394.5 135.4 1
395.0 135.7 1
395.5 136.0 1
396.0 136.3 1
396.5 136.6 1
397.0 136.9 1
397.5 137.2 1
398.0 137.5 1
398.1 137.9 1
398.2 138.3 1
398.3 138.7 1
398.4 139.1 1
398.5 139.5 1
398.8 140.8 1
399.1 142.1 1
399.4 143.4 1
399.7 144.7 1
400.0 146.0 1
400.1 147.3 1
400.2 148.6 1
400.3 149.9 1
400.4 151.2 1
400.5 152.5 1
400.6 153.4 1
400.7 154.3 1
400.8 155.2 1
400.9 156.1 1
401.0 157.0 1
401.0 157.7 1
401.0 158.4 1
401.0 159.1 1
401.0 159.8 1
401.0 160.5 1
401.3 160.7 1
401.6 160.9 1
401.9 161.1 1
402.2 161.3 1
402.5 161.5 1
402.8 161.6 1
403.1 161.7 1
403.4 161.8 1
403.7 161.9 1
404.0 162.0 1
404.6 162.2 1
405.2 162.4 1
405.8 162.6 1
406.4 162.8 1
407.0 163.0 1
407.8 163.1 1
408.6 163.2 1
409.4 163.3 1
410.2 163.4 1
411.0 163.5 1
411.8 163.6 1
412.6 163.7 1
413.4 163.8 1
414.2 163.9 1
415.0 164.0 1
414.8 163.1 1
414.6 162.2 1
414.4 161.3 1
414.2 160.4 1
414.0 159.5 1
414.6 159.5 1
415.2 159.5 1
415.8 159.5 1
416.4 159.5 1
417.0 159.5 1
417.7 159.8 1
418.4 160.1 1
419.1 160.4 1
419.8 160.7 1
420.5 161.0 1
421.62 161.12 1
422.75 161.25 1
423.88 161.38 1
425.0 161.5 1
