402.50 177.50
402.50 177.50
402.50 177.50
402.50 177.50
402.50 177.50
402.50 177.50
402.60 177.20
402.70 176.90
402.80 176.60
402.90 176.30
403.00 176.00
402.40 175.80
401.80 175.60
401.20 175.40
400.60 175.20
400.00 175.00
400.00 174.80
400.00 174.60
400.00 174.40
400.00 174.20
400.00 174.00
400.20 174.00
400.40 174.00
400.60 174.00
400.80 174.00
401.00 174.00
400.50 173.90
400.00 173.80
399.50 173.70
399.00 173.60
398.50 173.50
398.40 172.90
398.30 172.30
398.20 171.70
398.10 171.10
398.00 170.50
398.00 170.50
398.00 170.50
398.00 170.50
398.00 170.50
398.00 170.50
398.10 170.20
398.20 169.90
398.30 169.60
398.40 169.30
398.50 169.00
398.60 169.00
398.70 169.00
398.80 169.00
398.90 169.00
399.00 169.00
399.50 168.60
400.00 168.20
400.50 167.80
401.00 167.40
401.50 167.00
401.70 166.50
401.90 166.00
402.10 165.50
402.30 165.00
402.50 164.50
402.70 163.80
402.90 163.10
403.10 162.40
403.30 161.70
403.50 161.00
404.00 159.80
404.50 158.60
405.00 157.40
405.50 156.20
406.00 155.00
406.30 153.70
406.60 152.40
406.90 151.10
407.20 149.80
407.50 148.50
405.60 148.00
403.70 147.50
407.50 147.50
399.90 146.50
398.00 146.00
410.00 142.50
403.40 143.80
406.10 142.70
409.00 141.00
411.50 140.50
411.40 140.20
409.00 141.00
411.20 139.60
411.10 139.30
411.00 139.00
411.10 138.50
411.20 138.00
411.30 137.50
411.40 137.00
411.50 136.50
411.50 135.90
411.50 135.30
411.50 134.70
411.50 134.10
411.50 133.50
412.10 132.60
412.70 131.70
413.30 130.80
413.90 129.90
414.50 129.00
414.10 128.80
413.70 128.60
413.30 128.40
412.90 128.20
412.50 128.00
412.60 127.80
412.70 127.60
412.80 127.40
412.90 127.20
413.00 127.00
413.00 127.00
413.00 127.00
413.00 127.00
413.00 127.00
413.00 127.00
413.10 127.30
413.20 127.60
413.30 127.90
413.40 128.20
413.50 128.50
413.50 128.50
413.50 128.50
413.50 128.50
413.50 128.50
413.50 128.50
412.80 128.70
412.10 128.90
411.40 129.10
410.70 129.30
410.00 129.50
405.70 128.20
401.40 126.90
397.10 125.60
392.80 124.30
388.50 123.00
387.90 122.70
387.30 122.40
386.70 122.10
386.10 121.80
385.50 121.50
384.60 121.50
383.70 121.50
382.80 121.50
381.90 121.50
381.00 121.50
379.20 120.80
377.40 120.10
375.60 119.40
373.80 118.70
372.00 118.00
371.20 118.20
370.40 118.40
369.60 118.60
368.80 118.80
368.00 119.00
367.20 119.10
366.40 119.20
365.60 119.30
364.80 119.40
364.00 119.50
362.80 119.50
361.60 119.50
360.40 119.50
359.20 119.50
358.00 119.50
356.70 119.60
355.40 119.70
354.10 119.80
352.80 119.90
351.50 120.00
350.30 120.50
349.10 121.00
347.90 121.50
346.70 122.00
345.50 122.50
345.30 122.50
345.10 122.50
344.90 122.50
344.70 122.50
344.50 122.50
344.50 122.50
344.50 122.50
344.50 122.50
344.50 122.50
344.50 122.50
344.40 122.50
344.30 122.50
344.20 122.50
344.10 122.50
344.00 122.50
345.30 122.30
346.60 122.10
347.90 121.90
349.20 121.70
350.50 121.50
350.80 121.50
351.10 121.50
351.40 121.50
351.70 121.50
352.00 121.50
352.30 121.40
352.60 121.30
352.90 121.20
353.20 121.10
353.50 121.00
353.70 121.10
353.90 121.20
354.10 121.30
354.30 121.40
354.50 121.50
354.70 121.80
354.90 122.10
355.10 122.40
355.30 122.70
355.50 123.00
355.60 123.30
355.70 123.60
355.80 123.90
355.90 124.20
356.00 124.50
353.30 126.50
350.60 128.50
347.90 130.50
345.20 132.50
342.50 134.50
342.30 134.60
342.10 134.70
341.90 134.80
341.70 134.90
341.50 135.00
341.30 135.30
341.10 135.60
340.90 135.90
340.70 136.20
340.50 136.50
340.60 136.70
340.70 136.90
340.80 137.10
340.90 137.30
341.00 137.50
341.30 137.50
341.60 137.50
341.90 137.50
342.20 137.50
342.50 137.50
342.90 137.50
343.30 137.50
343.70 137.50
344.10 137.50
344.50 137.50
345.10 137.80
345.70 138.10
346.30 138.40
346.90 138.70
347.50 139.00
349.60 139.10
351.70 139.20
353.80 139.30
355.90 139.40
358.00 139.50
359.00 139.60
360.00 139.70
361.00 139.80
362.00 139.90
363.00 140.00
364.20 140.50
365.40 141.00
366.60 141.50
367.80 142.00
369.00 142.50
371.00 142.70
373.00 142.90
375.00 143.10
377.00 143.30
379.00 143.50
380.70 144.00
382.40 144.50
384.10 145.00
385.80 145.50
387.50 146.00
390.60 147.20
393.70 148.40
396.80 149.60
399.90 150.80
403.00 152.00
406.70 154.00
410.40 156.00
414.10 158.00
417.80 160.00
421.50 162.00
422.40 162.30
423.30 162.60
424.20 162.90
425.10 163.20
426.00 163.50
428.20 163.80
430.40 164.10
432.60 164.40
434.80 164.70
437.00 165.00
437.40 165.50
437.80 166.00
438.20 166.50
438.60 167.00
439.00 167.50
439.90 168.40
440.80 169.30
441.70 170.20
442.60 171.10
443.50 172.00
444.00 172.20
444.50 172.40
445.00 172.60
445.50 172.80
446.00 173.00
446.60 173.40
447.20 173.80
447.80 174.20
448.40 174.60
449.00 175.00
449.00 175.00
449.00 175.00
449.00 175.00
449.00 175.00
449.00 175.00
449.40 175.20
449.80 175.40
450.20 175.60
450.60 175.80
451.00 176.00
451.00 176.40
451.00 176.80
451.00 177.20
451.00 177.60
451.00 178.00
451.50 178.40
452.00 178.80
452.50 179.20
453.00 179.60
453.50 180.00
453.50 180.00
453.50 180.00
453.50 180.00
453.50 180.00
453.50 180.00
453.50 180.00
453.50 180.00
453.50 180.00
453.50 180.00
453.50 180.00
452.80 180.00
452.10 180.00
451.40 180.00
450.70 180.00
450.00 180.00
449.90 180.00
449.80 180.00
449.70 180.00
449.60 180.00
449.50 180.00
449.00 179.90
448.50 179.80
448.00 179.70
447.50 179.60
447.00 179.50
447.20 180.00
447.40 180.50
447.60 181.00
447.80 181.50
448.00 182.00
447.80 182.70
447.60 183.40
447.40 184.10
447.20 184.80
447.00 185.50
447.10 190.00
447.20 194.50
447.30 199.00
447.40 203.50
447.50 208.00
446.60 207.70
445.70 207.40
444.80 207.10
443.90 206.80
443.00 206.50
443.00 206.50
443.00 206.50
443.00 206.50
443.00 206.50
443.00 206.50
443.30 206.30
443.60 206.10
443.90 205.90
444.20 205.70
444.50 205.50
444.30 204.80
444.10 204.10
443.90 203.40
443.70 202.70
443.50 202.00
443.50 202.00
443.50 202.00
443.50 202.00
443.50 202.00
443.50 202.00
442.40 202.30
441.30 202.60
440.20 202.90
439.10 203.20
438.00 203.50
436.70 202.80
435.40 202.10
434.10 201.40
432.80 200.70
431.50 200.00
430.40 199.20
429.30 198.40
428.20 197.60
427.10 196.80
426.00 196.00
424.70 195.90
423.40 195.80
422.10 195.70
420.80 195.60
419.50 195.50
414.60 194.60
409.70 193.70
404.80 192.80
399.90 191.90
395.00 191.00
393.50 190.60
392.00 190.20
390.50 189.80
389.00 189.40
387.50 189.00
385.40 188.80
383.30 188.60
381.20 188.40
379.10 188.20
377.00 188.00
376.10 188.10
375.20 188.20
374.30 188.30
373.40 188.40
372.50 188.50
371.00 188.30
369.50 188.10
368.00 187.90
366.50 187.70
365.00 187.50
364.10 187.30
363.20 187.10
362.30 186.90
361.40 186.70
360.50 186.50
359.50 186.40
358.50 186.30
357.50 186.20
356.50 186.10
355.50 186.00
354.90 186.10
354.30 186.20
353.70 186.30
353.10 186.40
352.50 186.50
352.20 186.50
351.90 186.50
351.60 186.50
351.30 186.50
351.00 186.50
350.30 186.90
349.60 187.30
348.90 187.70
348.20 188.10
347.50 188.50
347.00 188.40
346.50 188.30
346.00 188.20
345.50 188.10
345.00 188.00
344.90 188.00
344.80 188.00
344.70 188.00
344.60 188.00
344.50 188.00
346.10 188.00
347.70 188.00
349.30 188.00
350.90 188.00
352.50 188.00
353.30 188.10
354.10 188.20
354.90 188.30
355.70 188.40
356.50 188.50
357.10 188.30
357.70 188.10
358.30 187.90
358.90 187.70
359.50 187.50
359.50 187.50
359.50 187.50
359.50 187.50
359.50 187.50
359.50 187.50
359.40 188.00
359.30 188.50
359.20 189.00
359.10 189.50
359.00 190.00
358.90 193.30
358.80 196.60
358.70 199.90
358.60 203.20
358.50 206.50
358.30 206.70
358.10 206.90
357.90 207.10
357.70 207.30
357.50 207.50
357.60 207.10
357.70 206.70
357.80 206.30
357.90 205.90
358.00 205.50
358.00 205.70
358.00 205.90
358.00 206.10
358.00 206.30
358.00 206.50
358.20 206.40
358.40 206.30
358.60 206.20
358.80 206.10
359.00 206.00
359.70 205.90
360.40 205.80
361.10 205.70
361.80 205.60
362.50 205.50
363.90 205.50
365.30 205.50
366.70 205.50
368.10 205.50
369.50 205.50
370.60 205.30
371.70 205.10
372.80 204.90
373.90 204.70
375.00 204.50
375.90 204.80
376.80 205.10
377.70 205.40
378.60 205.70
379.50 206.00
380.90 206.30
382.30 206.60
383.70 206.90
385.10 207.20
386.50 207.50
388.10 207.90
389.70 208.30
391.30 208.70
392.90 209.10
394.50 209.50
396.00 210.10
397.50 210.70
399.00 211.30
400.50 211.90
402.00 212.50
403.50 213.20
405.00 213.90
406.50 214.60
408.00 215.30
409.50 216.00
411.10 216.10
412.70 216.20
414.30 216.30
415.90 216.40
417.50 216.50
419.00 216.90
420.50 217.30
422.00 217.70
423.50 218.10
425.00 218.50
426.30 218.90
427.60 219.30
428.90 219.70
430.20 220.10
431.50 220.50
432.80 220.90
434.10 221.30
435.40 221.70
436.70 222.10
438.00 222.50
438.90 222.90
439.80 223.30
440.70 223.70
441.60 224.10
442.50 224.50
443.20 224.80
443.90 225.10
444.60 225.40
445.30 225.70
446.00 226.00
446.50 226.30
447.00 226.60
447.50 226.90
448.00 227.20
448.50 227.50
448.90 227.60
449.30 227.70
449.70 227.80
450.10 227.90
450.50 228.00
450.70 228.30
450.90 228.60
451.10 228.90
451.30 229.20
451.50 229.50
451.50 229.60
451.50 229.70
451.50 229.80
451.50 229.90
451.50 230.00
451.60 230.30
451.70 230.60
451.80 230.90
451.90 231.20
452.00 231.50
451.80 231.60
451.60 231.70
451.40 231.80
451.20 231.90
451.00 232.00
450.80 232.40
450.60 232.80
450.40 233.20
450.20 233.60
450.00 234.00
449.70 234.30
449.40 234.60
449.10 234.90
448.80 235.20
448.50 235.50
447.90 237.00
447.30 238.50
446.70 240.00
446.10 241.50
445.50 243.00
445.10 244.10
444.70 245.20
444.30 246.30
443.90 247.40
443.50 248.50
443.20 248.50
442.90 248.50
442.60 248.50
442.30 248.50
442.00 248.50
441.90 249.00
441.80 249.50
441.70 250.00
441.60 250.50
441.50 251.00
441.30 251.20
441.10 251.40
440.90 251.60
440.70 251.80
440.50 252.00
440.50 253.40
440.50 254.80
440.50 256.20
440.50 257.60
440.50 259.00
440.40 259.60
440.30 260.20
440.20 260.80
440.10 261.40
440.00 262.00
439.70 261.80
439.40 261.60
439.10 261.40
438.80 261.20
438.50 261.00
437.40 260.70
436.30 260.40
435.20 260.10
434.10 259.80
433.00 259.50
432.30 259.30
431.60 259.10
430.90 258.90
430.20 258.70
429.50 258.50
429.00 258.20
428.50 257.90
428.00 257.60
427.50 257.30
427.00 257.00
426.00 256.50
425.00 256.00
424.00 255.50
423.00 255.00
422.00 254.50
417.30 253.50
412.60 252.50
407.90 251.50
403.20 250.50
398.50 249.50
396.90 248.60
395.30 247.70
393.70 246.80
392.10 245.90
390.50 245.00
389.60 244.50
388.70 244.00
387.80 243.50
386.90 243.00
386.00 242.50
385.20 242.10
384.40 241.70
383.60 241.30
382.80 240.90
382.00 240.50
380.80 240.10
379.60 239.70
378.40 239.30
377.20 238.90
376.00 238.50
375.20 238.20
374.40 237.90
373.60 237.60
372.80 237.30
372.00 237.00
371.30 236.60
370.60 236.20
369.90 235.80
369.20 235.40
368.50 235.00
367.60 234.50
366.70 234.00
365.80 233.50
364.90 233.00
364.00 232.50
363.30 232.20
362.60 231.90
361.90 231.60
361.20 231.30
360.50 231.00
359.20 230.90
357.90 230.80
356.60 230.70
355.30 230.60
354.00 230.50
354.30 230.30
354.60 230.10
354.90 229.90
355.20 229.70
355.50 229.50
354.70 229.70
353.90 229.90
353.10 230.10
352.30 230.30
351.50 230.50
351.50 230.50
351.50 230.50
351.50 230.50
351.50 230.50
351.50 230.50
351.80 230.50
352.10 230.50
352.40 230.50
352.70 230.50
353.00 230.50
355.50 230.50
364.00 234.50
368.00 234.00
363.00 230.50
365.50 230.50
365.80 230.60
366.10 230.70
366.40 230.80
366.70 230.90
367.00 231.00
367.30 231.00
367.60 231.00
367.90 231.00
368.20 231.00
368.50 231.00
368.90 230.60
369.30 230.20
369.70 229.80
370.10 229.40
370.50 229.00
370.40 228.40
370.30 227.80
370.20 227.20
370.10 226.60
370.00 226.00
367.50 220.00
367.50 213.50
369.00 210.00
368.50 206.50
368.50 206.50
368.50 206.00
367.50 206.00
369.50 204.50
367.50 203.50
369.00 204.50
368.50 202.50
369.00 203.30
368.00 201.50
369.00 202.10
369.00 201.50
368.90 201.50
368.80 201.50
368.70 201.50
368.60 201.50
368.50 201.50
368.30 203.20
368.10 204.90
367.90 206.60
367.70 208.30
367.50 210.00
367.80 209.90
368.10 209.80
368.40 209.70
368.70 209.60
369.00 209.50
369.30 209.70
369.60 209.90
369.90 210.10
370.20 210.30
370.50 210.50
371.20 210.80
371.90 211.10
372.60 211.40
373.30 211.70
374.00 212.00
374.60 212.30
375.20 212.60
375.80 212.90
376.40 213.20
377.00 213.50
377.90 213.80
378.80 214.10
379.70 214.40
380.60 214.70
381.50 215.00
382.40 215.30
383.30 215.60
384.20 215.90
385.10 216.20
386.00 216.50
387.00 216.80
388.00 217.10
389.00 217.40
390.00 217.70
391.00 218.00
392.60 220.30
394.20 222.60
395.80 224.90
397.40 227.20
399.00 229.50
400.20 230.10
401.40 230.70
402.60 231.30
403.80 231.90
405.00 232.50
406.30 232.80
407.60 233.10
408.90 233.40
410.20 233.70
411.50 234.00
412.70 234.50
413.90 235.00
415.10 235.50
416.30 236.00
417.50 236.50
418.30 236.60
419.10 236.70
419.90 236.80
420.70 236.90
421.50 237.00
422.50 237.20
423.50 237.40
424.50 237.60
425.50 237.80
426.50 238.00
427.20 238.40
427.90 238.80
428.60 239.20
429.30 239.60
430.00 240.00
430.70 240.20
431.40 240.40
432.10 240.60
432.80 240.80
433.50 241.00
433.70 241.10
433.90 241.20
434.10 241.30
434.30 241.40
434.50 241.50
435.20 241.80
435.90 242.10
436.60 242.40
437.30 242.70
438.00 243.00
438.30 243.30
438.60 243.60
438.90 243.90
439.20 244.20
439.50 244.50
439.50 244.20
439.50 243.90
439.50 243.60
439.50 243.30
439.50 243.00
439.50 242.70
439.50 242.40
439.50 242.10
439.50 241.80
439.50 241.50
439.70 241.00
439.90 240.50
440.10 240.00
440.30 239.50
440.50 239.00
440.40 238.20
440.30 237.40
440.20 236.60
440.10 235.80
440.00 235.00
441.30 234.00
442.60 233.00
443.90 232.00
445.20 231.00
446.50 230.00
446.80 228.90
447.10 227.80
447.40 226.70
447.70 225.60
448.00 224.50
448.10 224.10
448.20 223.70
448.30 223.30
448.40 222.90
448.50 222.50
448.30 222.40
448.10 222.30
447.90 222.20
447.70 222.10
447.50 222.00
447.60 221.00
447.70 220.00
447.80 219.00
447.90 218.00
448.00 217.00
447.30 217.60
446.60 218.20
445.90 218.80
445.20 219.40
444.50 220.00
444.10 219.70
443.70 219.40
443.30 219.10
442.90 218.80
442.50 218.50
441.90 218.50
441.30 218.50
440.70 218.50
440.10 218.50
439.50 218.50
438.70 218.20
437.90 217.90
437.10 217.60
436.30 217.30
435.50 217.00
434.10 216.70
432.70 216.40
431.30 216.10
429.90 215.80
428.50 215.50
427.90 215.60
427.30 215.70
426.70 215.80
426.10 215.90
425.50 216.00
424.10 215.70
422.70 215.40
421.30 215.10
419.90 214.80
418.50 214.50
417.50 214.50
416.50 214.50
415.50 214.50
414.50 214.50
413.50 214.50
412.40 214.30
411.30 214.10
410.20 213.90
409.10 213.70
408.00 213.50
407.00 212.90
406.00 212.30
405.00 211.70
404.00 211.10
403.00 210.50
402.70 210.30
402.40 210.10
402.10 209.90
401.80 209.70
401.50 209.50
398.20 208.50
394.90 207.50
391.60 206.50
388.30 205.50
385.00 204.50
384.10 204.30
383.20 204.10
382.30 203.90
381.40 203.70
380.50 203.50
379.90 203.30
379.30 203.10
378.70 202.90
378.10 202.70
377.50 202.50
376.90 202.30
376.30 202.10
375.70 201.90
375.10 201.70
374.50 201.50
373.90 201.40
373.30 201.30
372.70 201.20
372.10 201.10
371.50 201.00
370.90 200.90
370.30 200.80
369.70 200.70
369.10 200.60
368.50 200.50
367.90 200.40
367.30 200.30
366.70 200.20
366.10 200.10
365.50 200.00
365.10 199.80
364.70 199.60
364.30 199.40
363.90 199.20
363.50 199.00
363.10 198.90
362.70 198.80
362.30 198.70
361.90 198.60
361.50 198.50
361.60 198.50
361.70 198.50
361.80 198.50
361.90 198.50
362.00 198.50
363.90 198.50
365.80 198.50
367.70 198.50
369.60 198.50
371.50 198.50
371.60 198.50
371.70 198.50
371.80 198.50
371.90 198.50
372.00 198.50
372.20 198.40
372.40 198.30
372.60 198.20
372.80 198.10
373.00 198.00
373.20 197.70
373.40 197.40
373.60 197.10
373.80 196.80
374.00 196.50
374.10 195.70
374.20 194.90
374.30 194.10
374.40 193.30
374.50 192.50
373.70 189.70
372.90 186.90
372.10 184.10
371.30 181.30
370.50 178.50
370.60 178.10
370.70 177.70
370.80 177.30
370.90 176.90
371.00 176.50
371.00 176.20
371.00 175.90
371.00 175.60
371.00 175.30
371.00 175.00
371.00 175.10
371.00 175.20
371.00 175.30
371.00 175.40
371.00 175.50
371.20 175.70
371.40 175.90
371.60 176.10
371.80 176.30
372.00 176.50
372.40 177.00
372.80 177.50
373.20 178.00
373.60 178.50
374.00 179.00
374.80 179.40
375.60 179.80
376.40 180.20
377.20 180.60
378.00 181.00
378.50 181.30
379.00 181.60
379.50 181.90
380.00 182.20
380.50 182.50
381.70 182.90
382.90 183.30
384.10 183.70
385.30 184.10
386.50 184.50
387.50 185.20
388.50 185.90
389.50 186.60
390.50 187.30
391.50 188.00
392.60 188.80
393.70 189.60
394.80 190.40
395.90 191.20
397.00 192.00
398.00 192.50
399.00 193.00
400.00 193.50
401.00 194.00
402.00 194.50
403.00 194.60
404.00 194.70
405.00 194.80
406.00 194.90
407.00 195.00
407.60 195.90
408.20 196.80
408.80 197.70
413.50 196.50
410.00 199.50
417.00 197.50
412.80 202.10
419.50 198.00
420.00 198.00
419.50 198.00
418.10 206.60
422.00 200.50
420.30 207.80
423.00 200.50
425.50 201.50
424.50 201.00
425.30 207.40
428.50 202.50
428.10 205.80
429.00 206.00
430.60 205.70
431.70 206.40
432.80 207.10
433.90 207.80
435.00 208.50
435.30 208.70
435.60 208.90
435.90 209.10
436.20 209.30
436.50 209.50
437.30 209.80
438.10 210.10
438.90 210.40
439.70 210.70
440.50 211.00
441.10 211.00
441.70 211.00
442.30 211.00
442.90 211.00
443.50 211.00
443.80 211.70
444.10 212.40
444.40 213.10
444.70 213.80
445.00 214.50
445.00 214.50
445.00 214.50
445.00 214.50
445.00 214.50
445.00 214.50
445.00 214.50
445.00 214.50
445.00 214.50
445.00 214.50
445.00 214.50
445.00 214.50
445.00 214.50
445.00 214.50
445.00 214.50
445.00 214.50
444.60 215.00
447.00 214.50
443.80 216.00
447.00 214.50
443.00 217.00
447.50 210.00
443.00 216.40
447.50 210.00
443.00 215.80
447.50 210.00
443.80 214.30
447.50 207.00
445.40 211.90
448.00 207.00
447.00 209.50
449.50 202.50
448.20 206.10
449.50 199.50
449.40 202.70
451.00 199.00
450.00 200.10
451.50 196.50
450.00 198.30
450.00 197.40
450.00 196.50
449.90 195.90
449.80 195.30
449.70 194.70
449.60 194.10
449.50 193.50
449.50 193.50
449.50 193.50
449.50 193.50
449.50 193.50
449.50 193.50
448.80 194.10
448.10 194.70
447.40 195.30
446.70 195.90
446.00 196.50
445.70 196.00
445.40 195.50
445.10 195.00
444.80 194.50
444.50 194.00
443.80 194.60
443.10 195.20
442.40 195.80
441.70 196.40
441.00 197.00
440.50 196.80
440.00 196.60
439.50 196.40
439.00 196.20
438.50 196.00
436.80 195.40
435.10 194.80
433.40 194.20
431.70 193.60
430.00 193.00
429.10 192.80
428.20 192.60
427.30 192.40
426.40 192.20
425.50 192.00
424.10 191.60
422.70 191.20
421.30 190.80
419.90 190.40
418.50 190.00
417.20 189.30
415.90 188.60
414.60 187.90
413.30 187.20
412.00 186.50
410.80 186.10
409.60 185.70
408.40 185.30
407.20 184.90
406.00 184.50
404.10 184.30
402.20 184.10
400.30 183.90
398.40 183.70
396.50 183.50
394.70 183.40
392.90 183.30
391.10 183.20
389.30 183.10
387.50 183.00
386.30 182.70
385.10 182.40
383.90 182.10
382.70 181.80
381.50 181.50
379.80 181.40
378.10 181.30
376.40 181.20
374.70 181.10
373.00 181.00
371.50 180.60
370.00 180.20
368.50 179.80
367.00 179.40
365.50 179.00
365.40 179.00
365.30 179.00
365.20 179.00
365.10 179.00
365.00 179.00
363.60 179.10
362.20 179.20
360.80 179.30
359.40 179.40
358.00 179.50
357.70 179.60
357.40 179.70
357.10 179.80
356.80 179.90
356.50 180.00
356.30 180.20
356.10 180.40
355.90 180.60
355.70 180.80
355.50 181.00
355.50 180.80
355.50 180.60
355.50 180.40
355.50 180.20
355.50 180.00
355.90 179.90
356.30 179.80
356.70 179.70
357.10 179.60
357.50 179.50
357.30 179.50
357.10 179.50
356.90 179.50
356.70 179.50
356.50 179.50
357.10 179.00
357.70 178.50
358.30 178.00
358.90 177.50
359.50 177.00
360.60 175.00
361.70 173.00
362.80 171.00
363.90 169.00
365.00 167.00
365.30 165.60
365.60 164.20
365.90 162.80
366.20 161.40
366.50 160.00
366.80 159.20
367.10 158.40
367.40 157.60
367.70 156.80
368.00 156.00
367.60 155.20
367.20 154.40
366.80 153.60
366.40 152.80
366.00 152.00
366.20 151.70
366.40 151.40
366.60 151.10
366.80 150.80
367.00 150.50
367.50 150.40
368.00 150.30
368.50 150.20
369.00 150.10
369.50 150.00
369.50 150.00
369.50 150.00
369.50 150.00
369.50 150.00
369.50 150.00
369.50 150.80
369.50 151.60
369.50 152.40
369.50 153.20
369.50 154.00
371.40 154.00
373.30 154.00
375.20 154.00
377.10 154.00
379.00 154.00
382.10 155.40
385.20 156.80
388.30 158.20
391.40 159.60
394.50 161.00
395.80 161.70
397.10 162.40
398.40 163.10
399.70 163.80
401.00 164.50
401.90 165.20
402.80 165.90
403.70 166.60
404.60 167.30
405.50 168.00
406.30 168.20
407.10 168.40
407.90 168.60
408.70 168.80
409.50 169.00
411.10 169.70
412.70 170.40
414.30 171.10
415.90 171.80
417.50 172.50
418.50 172.90
419.50 173.30
420.50 173.70
421.50 174.10
422.50 174.50
423.60 175.00
424.70 175.50
425.80 176.00
426.90 176.50
428.00 177.00
428.50 177.40
429.00 177.80
429.50 178.20
430.00 178.60
430.50 179.00
431.70 179.40
432.90 179.80
434.10 180.20
435.30 180.60
436.50 181.00
437.60 182.00
438.70 183.00
439.80 184.00
440.90 185.00
442.00 186.00
442.80 185.70
443.60 185.40
444.40 185.10
445.20 184.80
446.00 184.50
446.50 184.80
447.00 185.10
447.50 185.40
448.00 185.70
448.50 186.00
448.60 186.00
448.70 186.00
448.80 186.00
448.90 186.00
449.00 186.00
449.40 186.30
449.80 186.60
450.20 186.90
450.60 187.20
451.00 187.50
451.30 188.10
451.60 188.70
451.90 189.30
452.20 189.90
452.50 190.50
452.80 191.00
453.10 191.50
453.40 192.00
453.70 192.50
454.00 193.00
453.90 193.20
453.80 193.40
453.70 193.60
453.60 193.80
453.50 194.00
453.50 193.50
453.50 193.00
453.50 192.50
453.50 192.00
453.50 191.50
453.50 190.90
453.50 190.30
453.50 189.70
453.50 189.10
453.50 188.50
453.40 187.90
453.30 187.30
453.20 186.70
453.10 186.10
453.00 185.50
453.00 184.40
453.00 183.30
453.00 182.20
453.00 181.10
453.00 180.00
452.90 178.70
452.80 177.40
452.70 176.10
452.60 174.80
452.50 173.50
451.70 172.90
450.90 172.30
450.10 171.70
449.30 171.10
448.50 170.50
448.50 170.90
448.50 171.30
448.50 171.70
448.50 172.10
448.50 172.50
448.30 172.80
448.10 173.10
447.90 173.40
447.70 173.70
447.50 174.00
447.70 173.60
447.90 173.20
448.10 172.80
448.30 172.40
448.50 172.00
447.20 171.90
445.90 171.80
444.60 171.70
443.30 171.60
442.00 171.50
441.00 170.80
440.00 170.10
439.00 169.40
438.00 168.70
437.00 168.00
434.80 167.30
432.60 166.60
430.40 165.90
428.20 165.20
426.00 164.50
425.20 164.10
424.40 163.70
423.60 163.30
422.80 162.90
422.00 162.50
419.80 162.20
417.60 161.90
415.40 161.60
413.20 161.30
411.00 161.00
409.10 160.70
407.20 160.40
405.30 160.10
403.40 159.80
401.50 159.50
400.30 159.30
399.10 159.10
397.90 158.90
396.70 158.70
395.50 158.50
393.40 158.40
391.30 158.30
389.20 158.20
387.10 158.10
385.00 158.00
382.90 157.90
380.80 157.80
378.70 157.70
376.60 157.60
374.50 157.50
373.70 157.20
372.90 156.90
372.10 156.60
371.30 156.30
370.50 156.00
370.00 156.00
369.50 156.00
369.00 156.00
368.50 156.00
368.00 156.00
367.40 155.90
366.80 155.80
366.20 155.70
365.60 155.60
365.00 155.50
363.80 155.50
362.60 155.50
361.40 155.50
360.20 155.50
359.00 155.50
359.10 155.40
359.20 155.30
359.30 155.20
359.40 155.10
359.50 155.00
359.30 155.40
359.10 155.80
358.90 156.20
358.70 156.60
358.50 157.00
359.10 157.30
359.70 157.60
360.30 157.90
360.90 158.20
361.50 158.50
362.30 159.80
363.10 161.10
363.90 162.40
364.70 163.70
365.50 165.00
365.50 167.80
365.50 170.60
365.50 173.40
365.50 176.20
365.50 179.00
365.90 179.30
366.30 179.60
366.70 179.90
367.10 180.20
367.50 180.50
368.00 180.90
368.50 181.30
369.00 181.70
369.50 182.10
370.00 182.50
370.00 182.60
370.00 182.70
370.00 182.80
370.00 182.90
370.00 183.00
369.80 183.20
369.60 183.40
369.40 183.60
369.20 183.80
369.00 184.00
369.30 183.90
369.60 183.80
369.90 183.70
370.20 183.60
370.50 183.50
370.70 183.60
370.90 183.70
371.10 183.80
371.30 183.90
371.50 184.00
371.70 184.30
371.90 184.60
372.10 184.90
372.30 185.20
372.50 185.50
373.10 185.90
373.70 186.30
374.30 186.70
374.90 187.10
375.50 187.50
377.50 187.90
379.50 188.30
381.50 188.70
383.50 189.10
385.50 189.50
386.50 189.80
387.50 190.10
388.50 190.40
389.50 190.70
390.50 191.00
391.30 191.20
392.10 191.40
392.90 191.60
393.70 191.80
394.50 192.00
395.50 192.20
396.50 192.40
397.50 192.60
398.50 192.80
399.50 193.00
400.80 192.80
402.10 192.60
403.40 192.40
404.70 192.20
406.00 192.00
407.40 192.40
408.80 192.80
410.20 193.20
411.60 193.60
413.00 194.00
414.40 194.50
415.80 195.00
417.20 195.50
418.60 196.00
420.00 196.50
420.90 196.50
421.80 196.50
422.70 196.50
423.60 196.50
424.50 196.50
425.70 196.70
426.90 196.90
428.10 197.10
429.30 197.30
430.50 197.50
431.60 198.00
432.70 198.50
433.80 199.00
434.90 199.50
436.00 200.00
436.10 200.00
436.20 200.00
436.30 200.00
436.40 200.00
436.50 200.00
437.40 200.50
438.30 201.00
439.20 201.50
440.10 202.00
441.00 202.50
