402.50 177.50 1.0
402.50 177.50 1.0
402.50 177.50 1.0
402.50 177.50 1.0
402.50 177.50 1.0
402.50 177.50 1.0
402.60 177.20 1.0
402.70 176.90 1.0
402.80 176.60 1.0
402.90 176.30 1.0
403.00 176.00 1.0
402.40 175.80 1.0
401.80 175.60 1.0
401.20 175.40 1.0
400.60 175.20 1.0
400.00 175.00 1.0
400.00 174.80 1.0
400.00 174.60 1.0
400.00 174.40 1.0
400.00 174.20 1.0
400.00 174.00 1.0
400.20 174.00 1.0
400.40 174.00 1.0
400.60 174.00 1.0
400.80 174.00 1.0
401.00 174.00 1.0
400.50 173.90 1.0
400.00 173.80 1.0
399.50 173.70 1.0
399.00 173.60 1.0
398.50 173.50 1.0
398.40 172.90 1.0
398.30 172.30 1.0
398.20 171.70 1.0
398.10 171.10 1.0
398.00 170.50 1.0
398.00 170.50 1.0
398.00 170.50 1.0
398.00 170.50 1.0
398.00 170.50 1.0
398.00 170.50 1.0
398.10 170.20 1.0
398.20 169.90 1.0
398.30 169.60 1.0
398.40 169.30 1.0
398.50 169.00 1.0
398.60 169.00 1.0
398.70 169.00 1.0
398.80 169.00 1.0
398.90 169.00 1.0
399.00 169.00 1.0
399.50 168.60 1.0
400.00 168.20 1.0
400.50 167.80 1.0
401.00 167.40 1.0
401.50 167.00 1.0
401.70 166.50 1.0
401.90 166.00 1.0
402.10 165.50 1.0
402.30 165.00 1.0
402.50 164.50 1.0
402.70 163.80 1.0
402.90 163.10 1.0
403.10 162.40 1.0
403.30 161.70 1.0
403.50 161.00 1.0
404.00 159.80 1.0
404.50 158.60 1.0
405.00 157.40 1.0
405.50 156.20 1.0
406.00 155.00 1.0
406.30 153.70 1.0
406.60 152.40 1.0
406.90 151.10 1.0
407.20 149.80 1.0
407.50 148.50 1.0
405.60 148.00 1.0
403.70 147.50 1.0
407.50 147.50 1.0
399.90 146.50 1.0
398.00 146.00 1.0
410.00 142.50 1.0
403.40 143.80 1.0
406.10 142.70 1.0
409.00 141.00 1.0
411.50 140.50 1.0
411.40 140.20 1.0
409.00 141.00 1.0
411.20 139.60 1.0
411.10 139.30 1.0
411.00 139.00 1.0
411.10 138.50 1.0
411.20 138.00 1.0
411.30 137.50 1.0
411.40 137.00 1.0
411.50 136.50 1.0
411.50 135.90 1.0
411.50 135.30 1.0
411.50 134.70 1.0
411.50 134.10 1.0
411.50 133.50 1.0
412.10 132.60 1.0
412.70 131.70 1.0
413.30 130.80 1.0
413.90 129.90 1.0
414.50 129.00 1.0
414.10 128.80 1.0
413.70 128.60 1.0
413.30 128.40 1.0
412.90 128.20 1.0
412.50 128.00 1.0
412.60 127.80 1.0
412.70 127.60 1.0
412.80 127.40 1.0
412.90 127.20 1.0
413.00 127.00 1.0
413.00 127.00 1.0
413.00 127.00 1.0
413.00 127.00 1.0
413.00 127.00 1.0
413.00 127.00 1.0
413.10 127.30 1.0
413.20 127.60 1.0
413.30 127.90 1.0
413.40 128.20 1.0
413.50 128.50 1.0
413.50 128.50 1.0
413.50 128.50 1.0
413.50 128.50 1.0
413.50 128.50 1.0
413.50 128.50 1.0
412.80 128.70 1.0
412.10 128.90 1.0
411.40 129.10 1.0
410.70 129.30 1.0
410.00 129.50 1.0
405.70 128.20 1.0
401.40 126.90 1.0
397.10 125.60 1.0
392.80 124.30 1.0
388.50 123.00 1.0
387.90 122.70 1.0
387.30 122.40 1.0
386.70 122.10 1.0
386.10 121.80 1.0
385.50 121.50 1.0
384.60 121.50 1.0
383.70 121.50 1.0
382.80 121.50 1.0
381.90 121.50 1.0
381.00 121.50 1.0
379.20 120.80 1.0
377.40 120.10 1.0
375.60 119.40 1.0
373.80 118.70 1.0
372.00 118.00 1.0
371.20 118.20 1.0
370.40 118.40 1.0
369.60 118.60 1.0
368.80 118.80 1.0
368.00 119.00 1.0
367.20 119.10 1.0
366.40 119.20 1.0
365.60 119.30 1.0
364.80 119.40 1.0
364.00 119.50 1.0
362.80 119.50 1.0
361.60 119.50 1.0
360.40 119.50 1.0
359.20 119.50 1.0
358.00 119.50 1.0
356.70 119.60 1.0
355.40 119.70 1.0
354.10 119.80 1.0
352.80 119.90 1.0
351.50 120.00 1.0
350.30 120.50 1.0
349.10 121.00 1.0
347.90 121.50 1.0
346.70 122.00 1.0
345.50 122.50 1.0
345.30 122.50 1.0
345.10 122.50 1.0
344.90 122.50 1.0
344.70 122.50 1.0
344.50 122.50 1.0
344.50 122.50 1.0
344.50 122.50 1.0
344.50 122.50 1.0
344.50 122.50 1.0
344.50 122.50 1.0
344.40 122.50 1.0
344.30 122.50 1.0
344.20 122.50 1.0
344.10 122.50 1.0
344.00 122.50 1.0
345.30 122.30 1.0
346.60 122.10 1.0
347.90 121.90 1.0
349.20 121.70 1.0
350.50 121.50 1.0
350.80 121.50 1.0
351.10 121.50 1.0
351.40 121.50 1.0
351.70 121.50 1.0
352.00 121.50 1.0
352.30 121.40 1.0
352.60 121.30 1.0
352.90 121.20 1.0
353.20 121.10 1.0
353.50 121.00 1.0
353.70 121.10 1.0
353.90 121.20 1.0
354.10 121.30 1.0
354.30 121.40 1.0
354.50 121.50 1.0
354.70 121.80 1.0
354.90 122.10 1.0
355.10 122.40 1.0
355.30 122.70 1.0
355.50 123.00 1.0
355.60 123.30 1.0
355.70 123.60 1.0
355.80 123.90 1.0
355.90 124.20 1.0
356.00 124.50 1.0
353.30 126.50 1.0
350.60 128.50 1.0
347.90 130.50 1.0
345.20 132.50 1.0
342.50 134.50 1.0
342.30 134.60 1.0
342.10 134.70 1.0
341.90 134.80 1.0
341.70 134.90 1.0
341.50 135.00 1.0
341.30 135.30 1.0
341.10 135.60 1.0
340.90 135.90 1.0
340.70 136.20 1.0
340.50 136.50 1.0
340.60 136.70 1.0
340.70 136.90 1.0
340.80 137.10 1.0
340.90 137.30 1.0
341.00 137.50 1.0
341.30 137.50 1.0
341.60 137.50 1.0
341.90 137.50 1.0
342.20 137.50 1.0
342.50 137.50 1.0
342.90 137.50 1.0
343.30 137.50 1.0
343.70 137.50 1.0
344.10 137.50 1.0
344.50 137.50 1.0
345.10 137.80 1.0
345.70 138.10 1.0
346.30 138.40 1.0
346.90 138.70 1.0
347.50 139.00 1.0
349.60 139.10 1.0
351.70 139.20 1.0
353.80 139.30 1.0
355.90 139.40 1.0
358.00 139.50 1.0
359.00 139.60 1.0
360.00 139.70 1.0
361.00 139.80 1.0
362.00 139.90 1.0
363.00 140.00 1.0
364.20 140.50 1.0
365.40 141.00 1.0
366.60 141.50 1.0
367.80 142.00 1.0
369.00 142.50 1.0
371.00 142.70 1.0
373.00 142.90 1.0
375.00 143.10 1.0
377.00 143.30 1.0
379.00 143.50 1.0
380.70 144.00 1.0
382.40 144.50 1.0
384.10 145.00 1.0
385.80 145.50 1.0
387.50 146.00 1.0
390.60 147.20 1.0
393.70 148.40 1.0
396.80 149.60 1.0
399.90 150.80 1.0
403.00 152.00 1.0
406.70 154.00 1.0
410.40 156.00 1.0
414.10 158.00 1.0
417.80 160.00 1.0
421.50 162.00 1.0
422.40 162.30 1.0
423.30 162.60 1.0
424.20 162.90 1.0
425.10 163.20 1.0
426.00 163.50 1.0
428.20 163.80 1.0
430.40 164.10 1.0
432.60 164.40 1.0
434.80 164.70 1.0
437.00 165.00 1.0
437.40 165.50 1.0
437.80 166.00 1.0
438.20 166.50 1.0
438.60 167.00 1.0
439.00 167.50 1.0
439.90 168.40 1.0
440.80 169.30 1.0
441.70 170.20 1.0
442.60 171.10 1.0
443.50 172.00 1.0
444.00 172.20 1.0
444.50 172.40 1.0
445.00 172.60 1.0
445.50 172.80 1.0
446.00 173.00 1.0
446.60 173.40 1.0
447.20 173.80 1.0
447.80 174.20 1.0
448.40 174.60 1.0
449.00 175.00 1.0
449.00 175.00 1.0
449.00 175.00 1.0
449.00 175.00 1.0
449.00 175.00 1.0
449.00 175.00 1.0
449.40 175.20 1.0
449.80 175.40 1.0
450.20 175.60 1.0
450.60 175.80 1.0
451.00 176.00 1.0
451.00 176.40 1.0
451.00 176.80 1.0
451.00 177.20 1.0
451.00 177.60 1.0
451.00 178.00 1.0
451.50 178.40 1.0
452.00 178.80 1.0
452.50 179.20 1.0
453.00 179.60 1.0
453.50 180.00 1.0
453.50 180.00 1.0
453.50 180.00 1.0
453.50 180.00 1.0
453.50 180.00 1.0
453.50 180.00 1.0
453.50 180.00 1.0
453.50 180.00 1.0
453.50 180.00 1.0
453.50 180.00 1.0
453.50 180.00 1.0
452.80 180.00 1.0
452.10 180.00 1.0
451.40 180.00 1.0
450.70 180.00 1.0
450.00 180.00 1.0
449.90 180.00 1.0
449.80 180.00 1.0
449.70 180.00 1.0
449.60 180.00 1.0
449.50 180.00 1.0
449.00 179.90 1.0
448.50 179.80 1.0
448.00 179.70 1.0
447.50 179.60 1.0
447.00 179.50 1.0
447.20 180.00 1.0
447.40 180.50 1.0
447.60 181.00 1.0
447.80 181.50 1.0
448.00 182.00 1.0
447.80 182.70 1.0
447.60 183.40 1.0
447.40 184.10 1.0
447.20 184.80 1.0
447.00 185.50 1.0
447.10 190.00 1.0
447.20 194.50 1.0
447.30 199.00 1.0
447.40 203.50 1.0
447.50 208.00 1.0
446.60 207.70 1.0
445.70 207.40 1.0
444.80 207.10 1.0
443.90 206.80 1.0
443.00 206.50 1.0
443.00 206.50 1.0
443.00 206.50 1.0
443.00 206.50 1.0
443.00 206.50 1.0
443.00 206.50 1.0
443.30 206.30 1.0
443.60 206.10 1.0
443.90 205.90 1.0
444.20 205.70 1.0
444.50 205.50 1.0
444.30 204.80 1.0
444.10 204.10 1.0
443.90 203.40 1.0
443.70 202.70 1.0
443.50 202.00 1.0
443.50 202.00 1.0
443.50 202.00 1.0
443.50 202.00 1.0
443.50 202.00 1.0
443.50 202.00 1.0
442.40 202.30 1.0
441.30 202.60 1.0
440.20 202.90 1.0
439.10 203.20 1.0
438.00 203.50 1.0
436.70 202.80 1.0
435.40 202.10 1.0
434.10 201.40 1.0
432.80 200.70 1.0
431.50 200.00 1.0
430.40 199.20 1.0
429.30 198.40 1.0
428.20 197.60 1.0
427.10 196.80 1.0
426.00 196.00 1.0
424.70 195.90 1.0
423.40 195.80 1.0
422.10 195.70 1.0
420.80 195.60 1.0
419.50 195.50 1.0
414.60 194.60 1.0
409.70 193.70 1.0
404.80 192.80 1.0
399.90 191.90 1.0
395.00 191.00 1.0
393.50 190.60 1.0
392.00 190.20 1.0
390.50 189.80 1.0
389.00 189.40 1.0
387.50 189.00 1.0
385.40 188.80 1.0
383.30 188.60 1.0
381.20 188.40 1.0
379.10 188.20 1.0
377.00 188.00 1.0
376.10 188.10 1.0
375.20 188.20 1.0
374.30 188.30 1.0
373.40 188.40 1.0
372.50 188.50 1.0
371.00 188.30 1.0
369.50 188.10 1.0
368.00 187.90 1.0
366.50 187.70 1.0
365.00 187.50 1.0
364.10 187.30 1.0
363.20 187.10 1.0
362.30 186.90 1.0
361.40 186.70 1.0
360.50 186.50 1.0
359.50 186.40 1.0
358.50 186.30 1.0
357.50 186.20 1.0
356.50 186.10 1.0
355.50 186.00 1.0
354.90 186.10 1.0
354.30 186.20 1.0
353.70 186.30 1.0
353.10 186.40 1.0
352.50 186.50 1.0
352.20 186.50 1.0
351.90 186.50 1.0
351.60 186.50 1.0
351.30 186.50 1.0
351.00 186.50 1.0
350.30 186.90 1.0
349.60 187.30 1.0
348.90 187.70 1.0
348.20 188.10 1.0
347.50 188.50 1.0
347.00 188.40 1.0
346.50 188.30 1.0
346.00 188.20 1.0
345.50 188.10 1.0
345.00 188.00 1.0
344.90 188.00 1.0
344.80 188.00 1.0
344.70 188.00 1.0
344.60 188.00 1.0
344.50 188.00 1.0
346.10 188.00 1.0
347.70 188.00 1.0
349.30 188.00 1.0
350.90 188.00 1.0
352.50 188.00 1.0
353.30 188.10 1.0
354.10 188.20 1.0
354.90 188.30 1.0
355.70 188.40 1.0
356.50 188.50 1.0
357.10 188.30 1.0
357.70 188.10 1.0
358.30 187.90 1.0
358.90 187.70 1.0
359.50 187.50 1.0
359.50 187.50 1.0
359.50 187.50 1.0
359.50 187.50 1.0
359.50 187.50 1.0
359.50 187.50 1.0
359.40 188.00 1.0
359.30 188.50 1.0
359.20 189.00 1.0
359.10 189.50 1.0
359.00 190.00 1.0
358.90 193.30 1.0
358.80 196.60 1.0
358.70 199.90 1.0
358.60 203.20 1.0
358.50 206.50 1.0
358.30 206.70 1.0
358.10 206.90 1.0
357.90 207.10 1.0
357.70 207.30 1.0
357.50 207.50 1.0
357.60 207.10 1.0
357.70 206.70 1.0
357.80 206.30 1.0
357.90 205.90 1.0
358.00 205.50 1.0
358.00 205.70 1.0
358.00 205.90 1.0
358.00 206.10 1.0
358.00 206.30 1.0
358.00 206.50 1.0
358.20 206.40 1.0
358.40 206.30 1.0
358.60 206.20 1.0
358.80 206.10 1.0
359.00 206.00 1.0
359.70 205.90 1.0
360.40 205.80 1.0
361.10 205.70 1.0
361.80 205.60 1.0
362.50 205.50 1.0
363.90 205.50 1.0
365.30 205.50 1.0
366.70 205.50 1.0
368.10 205.50 1.0
369.50 205.50 1.0
370.60 205.30 1.0
371.70 205.10 1.0
372.80 204.90 1.0
373.90 204.70 1.0
375.00 204.50 1.0
375.90 204.80 1.0
376.80 205.10 1.0
377.70 205.40 1.0
378.60 205.70 1.0
379.50 206.00 1.0
380.90 206.30 1.0
382.30 206.60 1.0
383.70 206.90 1.0
385.10 207.20 1.0
386.50 207.50 1.0
388.10 207.90 1.0
389.70 208.30 1.0
391.30 208.70 1.0
392.90 209.10 1.0
394.50 209.50 1.0
396.00 210.10 1.0
397.50 210.70 1.0
399.00 211.30 1.0
400.50 211.90 1.0
402.00 212.50 1.0
403.50 213.20 1.0
405.00 213.90 1.0
406.50 214.60 1.0
408.00 215.30 1.0
409.50 216.00 1.0
411.10 216.10 1.0
412.70 216.20 1.0
414.30 216.30 1.0
415.90 216.40 1.0
417.50 216.50 1.0
419.00 216.90 1.0
420.50 217.30 1.0
422.00 217.70 1.0
423.50 218.10 1.0
425.00 218.50 1.0
426.30 218.90 1.0
427.60 219.30 1.0
428.90 219.70 1.0
430.20 220.10 1.0
431.50 220.50 1.0
432.80 220.90 1.0
434.10 221.30 1.0
435.40 221.70 1.0
436.70 222.10 1.0
438.00 222.50 1.0
438.90 222.90 1.0
439.80 223.30 1.0
440.70 223.70 1.0
441.60 224.10 1.0
442.50 224.50 1.0
443.20 224.80 1.0
443.90 225.10 1.0
444.60 225.40 1.0
445.30 225.70 1.0
446.00 226.00 1.0
446.50 226.30 1.0
447.00 226.60 1.0
447.50 226.90 1.0
448.00 227.20 1.0
448.50 227.50 1.0
448.90 227.60 1.0
449.30 227.70 1.0
449.70 227.80 1.0
450.10 227.90 1.0
450.50 228.00 1.0
450.70 228.30 1.0
450.90 228.60 1.0
451.10 228.90 1.0
451.30 229.20 1.0
451.50 229.50 1.0
451.50 229.60 1.0
451.50 229.70 1.0
451.50 229.80 1.0
451.50 229.90 1.0
451.50 230.00 1.0
451.60 230.30 1.0
451.70 230.60 1.0
451.80 230.90 1.0
451.90 231.20 1.0
452.00 231.50 1.0
451.80 231.60 1.0
451.60 231.70 1.0
451.40 231.80 1.0
451.20 231.90 1.0
451.00 232.00 1.0
450.80 232.40 1.0
450.60 232.80 1.0
450.40 233.20 1.0
450.20 233.60 1.0
450.00 234.00 1.0
449.70 234.30 1.0
449.40 234.60 1.0
449.10 234.90 1.0
448.80 235.20 1.0
448.50 235.50 1.0
447.90 237.00 1.0
447.30 238.50 1.0
446.70 240.00 1.0
446.10 241.50 1.0
445.50 243.00 1.0
445.10 244.10 1.0
444.70 245.20 1.0
444.30 246.30 1.0
443.90 247.40 1.0
443.50 248.50 1.0
443.20 248.50 1.0
442.90 248.50 1.0
442.60 248.50 1.0
442.30 248.50 1.0
442.00 248.50 1.0
441.90 249.00 1.0
441.80 249.50 1.0
441.70 250.00 1.0
441.60 250.50 1.0
441.50 251.00 1.0
441.30 251.20 1.0
441.10 251.40 1.0
440.90 251.60 1.0
440.70 251.80 1.0
440.50 252.00 1.0
440.50 253.40 1.0
440.50 254.80 1.0
440.50 256.20 1.0
440.50 257.60 1.0
440.50 259.00 1.0
440.40 259.60 1.0
440.30 260.20 1.0
440.20 260.80 1.0
440.10 261.40 1.0
440.00 262.00 1.0
439.70 261.80 1.0
439.40 261.60 1.0
439.10 261.40 1.0
438.80 261.20 1.0
438.50 261.00 1.0
437.40 260.70 1.0
436.30 260.40 1.0
435.20 260.10 1.0
434.10 259.80 1.0
433.00 259.50 1.0
432.30 259.30 1.0
431.60 259.10 1.0
430.90 258.90 1.0
430.20 258.70 1.0
429.50 258.50 1.0
429.00 258.20 1.0
428.50 257.90 1.0
428.00 257.60 1.0
427.50 257.30 1.0
427.00 257.00 1.0
426.00 256.50 1.0
425.00 256.00 1.0
424.00 255.50 1.0
423.00 255.00 1.0
422.00 254.50 1.0
417.30 253.50 1.0
412.60 252.50 1.0
407.90 251.50 1.0
403.20 250.50 1.0
398.50 249.50 1.0
396.90 248.60 1.0
395.30 247.70 1.0
393.70 246.80 1.0
392.10 245.90 1.0
390.50 245.00 1.0
389.60 244.50 1.0
388.70 244.00 1.0
387.80 243.50 1.0
386.90 243.00 1.0
386.00 242.50 1.0
385.20 242.10 1.0
384.40 241.70 1.0
383.60 241.30 1.0
382.80 240.90 1.0
382.00 240.50 1.0
380.80 240.10 1.0
379.60 239.70 1.0
378.40 239.30 1.0
377.20 238.90 1.0
376.00 238.50 1.0
375.20 238.20 1.0
374.40 237.90 1.0
373.60 237.60 1.0
372.80 237.30 1.0
372.00 237.00 1.0
371.30 236.60 1.0
370.60 236.20 1.0
369.90 235.80 1.0
369.20 235.40 1.0
368.50 235.00 1.0
367.60 234.50 1.0
366.70 234.00 1.0
365.80 233.50 1.0
364.90 233.00 1.0
364.00 232.50 1.0
363.30 232.20 1.0
362.60 231.90 1.0
361.90 231.60 1.0
361.20 231.30 1.0
360.50 231.00 1.0
359.20 230.90 1.0
357.90 230.80 1.0
356.60 230.70 1.0
355.30 230.60 1.0
354.00 230.50 1.0
354.30 230.30 1.0
354.60 230.10 1.0
354.90 229.90 1.0
355.20 229.70 1.0
355.50 229.50 1.0
354.70 229.70 1.0
353.90 229.90 1.0
353.10 230.10 1.0
352.30 230.30 1.0
351.50 230.50 1.0
351.50 230.50 1.0
351.50 230.50 1.0
351.50 230.50 1.0
351.50 230.50 1.0
351.50 230.50 1.0
351.80 230.50 1.0
352.10 230.50 1.0
352.40 230.50 1.0
352.70 230.50 1.0
353.00 230.50 1.0
355.50 230.50 1.0
364.00 234.50 1.0
368.00 234.00 1.0
363.00 230.50 1.0
365.50 230.50 1.0
365.80 230.60 1.0
366.10 230.70 1.0
366.40 230.80 1.0
366.70 230.90 1.0
367.00 231.00 1.0
367.30 231.00 1.0
367.60 231.00 1.0
367.90 231.00 1.0
368.20 231.00 1.0
368.50 231.00 1.0
368.90 230.60 1.0
369.30 230.20 1.0
369.70 229.80 1.0
370.10 229.40 1.0
370.50 229.00 1.0
370.40 228.40 1.0
370.30 227.80 1.0
370.20 227.20 1.0
370.10 226.60 1.0
370.00 226.00 1.0
367.50 220.00 1.0
367.50 213.50 1.0
369.00 210.00 1.0
368.50 206.50 1.0
368.50 206.50 1.0
368.50 206.00 1.0
367.50 206.00 1.0
369.50 204.50 1.0
367.50 203.50 1.0
369.00 204.50 1.0
368.50 202.50 1.0
369.00 203.30 1.0
368.00 201.50 1.0
369.00 202.10 1.0
369.00 201.50 1.0
368.90 201.50 1.0
368.80 201.50 1.0
368.70 201.50 1.0
368.60 201.50 1.0
368.50 201.50 1.0
368.30 203.20 1.0
368.10 204.90 1.0
367.90 206.60 1.0
367.70 208.30 1.0
367.50 210.00 1.0
367.80 209.90 1.0
368.10 209.80 1.0
368.40 209.70 1.0
368.70 209.60 1.0
369.00 209.50 1.0
369.30 209.70 1.0
369.60 209.90 1.0
369.90 210.10 1.0
370.20 210.30 1.0
370.50 210.50 1.0
371.20 210.80 1.0
371.90 211.10 1.0
372.60 211.40 1.0
373.30 211.70 1.0
374.00 212.00 1.0
374.60 212.30 1.0
375.20 212.60 1.0
375.80 212.90 1.0
376.40 213.20 1.0
377.00 213.50 1.0
377.90 213.80 1.0
378.80 214.10 1.0
379.70 214.40 1.0
380.60 214.70 1.0
381.50 215.00 1.0
382.40 215.30 1.0
383.30 215.60 1.0
384.20 215.90 1.0
385.10 216.20 1.0
386.00 216.50 1.0
387.00 216.80 1.0
388.00 217.10 1.0
389.00 217.40 1.0
390.00 217.70 1.0
391.00 218.00 1.0
392.60 220.30 1.0
394.20 222.60 1.0
395.80 224.90 1.0
397.40 227.20 1.0
399.00 229.50 1.0
400.20 230.10 1.0
401.40 230.70 1.0
402.60 231.30 1.0
403.80 231.90 1.0
405.00 232.50 1.0
406.30 232.80 1.0
407.60 233.10 1.0
408.90 233.40 1.0
410.20 233.70 1.0
411.50 234.00 1.0
412.70 234.50 1.0
413.90 235.00 1.0
415.10 235.50 1.0
416.30 236.00 1.0
417.50 236.50 1.0
418.30 236.60 1.0
419.10 236.70 1.0
419.90 236.80 1.0
420.70 236.90 1.0
421.50 237.00 1.0
422.50 237.20 1.0
423.50 237.40 1.0
424.50 237.60 1.0
425.50 237.80 1.0
426.50 238.00 1.0
427.20 238.40 1.0
427.90 238.80 1.0
428.60 239.20 1.0
429.30 239.60 1.0
430.00 240.00 1.0
430.70 240.20 1.0
431.40 240.40 1.0
432.10 240.60 1.0
432.80 240.80 1.0
433.50 241.00 1.0
433.70 241.10 1.0
433.90 241.20 1.0
434.10 241.30 1.0
434.30 241.40 1.0
434.50 241.50 1.0
435.20 241.80 1.0
435.90 242.10 1.0
436.60 242.40 1.0
437.30 242.70 1.0
438.00 243.00 1.0
438.30 243.30 1.0
438.60 243.60 1.0
438.90 243.90 1.0
439.20 244.20 1.0
439.50 244.50 1.0
439.50 244.20 1.0
439.50 243.90 1.0
439.50 243.60 1.0
439.50 243.30 1.0
439.50 243.00 1.0
439.50 242.70 1.0
439.50 242.40 1.0
439.50 242.10 1.0
439.50 241.80 1.0
439.50 241.50 1.0
439.70 241.00 1.0
439.90 240.50 1.0
440.10 240.00 1.0
440.30 239.50 1.0
440.50 239.00 1.0
440.40 238.20 1.0
440.30 237.40 1.0
440.20 236.60 1.0
440.10 235.80 1.0
440.00 235.00 1.0
441.30 234.00 1.0
442.60 233.00 1.0
443.90 232.00 1.0
445.20 231.00 1.0
446.50 230.00 1.0
446.80 228.90 1.0
447.10 227.80 1.0
447.40 226.70 1.0
447.70 225.60 1.0
448.00 224.50 1.0
448.10 224.10 1.0
448.20 223.70 1.0
448.30 223.30 1.0
448.40 222.90 1.0
448.50 222.50 1.0
448.30 222.40 1.0
448.10 222.30 1.0
447.90 222.20 1.0
447.70 222.10 1.0
447.50 222.00 1.0
447.60 221.00 1.0
447.70 220.00 1.0
447.80 219.00 1.0
447.90 218.00 1.0
448.00 217.00 1.0
447.30 217.60 1.0
446.60 218.20 1.0
445.90 218.80 1.0
445.20 219.40 1.0
444.50 220.00 1.0
444.10 219.70 1.0
443.70 219.40 1.0
443.30 219.10 1.0
442.90 218.80 1.0
442.50 218.50 1.0
441.90 218.50 1.0
441.30 218.50 1.0
440.70 218.50 1.0
440.10 218.50 1.0
439.50 218.50 1.0
438.70 218.20 1.0
437.90 217.90 1.0
437.10 217.60 1.0
436.30 217.30 1.0
435.50 217.00 1.0
434.10 216.70 1.0
432.70 216.40 1.0
431.30 216.10 1.0
429.90 215.80 1.0
428.50 215.50 1.0
427.90 215.60 1.0
427.30 215.70 1.0
426.70 215.80 1.0
426.10 215.90 1.0
425.50 216.00 1.0
424.10 215.70 1.0
422.70 215.40 1.0
421.30 215.10 1.0
419.90 214.80 1.0
418.50 214.50 1.0
417.50 214.50 1.0
416.50 214.50 1.0
415.50 214.50 1.0
414.50 214.50 1.0
413.50 214.50 1.0
412.40 214.30 1.0
411.30 214.10 1.0
410.20 213.90 1.0
409.10 213.70 1.0
408.00 213.50 1.0
407.00 212.90 1.0
406.00 212.30 1.0
405.00 211.70 1.0
404.00 211.10 1.0
403.00 210.50 1.0
402.70 210.30 1.0
402.40 210.10 1.0
402.10 209.90 1.0
401.80 209.70 1.0
401.50 209.50 1.0
398.20 208.50 1.0
394.90 207.50 1.0
391.60 206.50 1.0
388.30 205.50 1.0
385.00 204.50 1.0
384.10 204.30 1.0
383.20 204.10 1.0
382.30 203.90 1.0
381.40 203.70 1.0
380.50 203.50 1.0
379.90 203.30 1.0
379.30 203.10 1.0
378.70 202.90 1.0
378.10 202.70 1.0
377.50 202.50 1.0
376.90 202.30 1.0
376.30 202.10 1.0
375.70 201.90 1.0
375.10 201.70 1.0
374.50 201.50 1.0
373.90 201.40 1.0
373.30 201.30 1.0
372.70 201.20 1.0
372.10 201.10 1.0
371.50 201.00 1.0
370.90 200.90 1.0
370.30 200.80 1.0
369.70 200.70 1.0
369.10 200.60 1.0
368.50 200.50 1.0
367.90 200.40 1.0
367.30 200.30 1.0
366.70 200.20 1.0
366.10 200.10 1.0
365.50 200.00 1.0
365.10 199.80 1.0
364.70 199.60 1.0
364.30 199.40 1.0
363.90 199.20 1.0
363.50 199.00 1.0
363.10 198.90 1.0
362.70 198.80 1.0
362.30 198.70 1.0
361.90 198.60 1.0
361.50 198.50 1.0
361.60 198.50 1.0
361.70 198.50 1.0
361.80 198.50 1.0
361.90 198.50 1.0
362.00 198.50 1.0
363.90 198.50 1.0
365.80 198.50 1.0
367.70 198.50 1.0
369.60 198.50 1.0
371.50 198.50 1.0
371.60 198.50 1.0
371.70 198.50 1.0
371.80 198.50 1.0
371.90 198.50 1.0
372.00 198.50 1.0
372.20 198.40 1.0
372.40 198.30 1.0
372.60 198.20 1.0
372.80 198.10 1.0
373.00 198.00 1.0
373.20 197.70 1.0
373.40 197.40 1.0
373.60 197.10 1.0
373.80 196.80 1.0
374.00 196.50 1.0
374.10 195.70 1.0
374.20 194.90 1.0
374.30 194.10 1.0
374.40 193.30 1.0
374.50 192.50 1.0
373.70 189.70 1.0
372.90 186.90 1.0
372.10 184.10 1.0
371.30 181.30 1.0
370.50 178.50 1.0
370.60 178.10 1.0
370.70 177.70 1.0
370.80 177.30 1.0
370.90 176.90 1.0
371.00 176.50 1.0
371.00 176.20 1.0
371.00 175.90 1.0
371.00 175.60 1.0
371.00 175.30 1.0
371.00 175.00 1.0
371.00 175.10 1.0
371.00 175.20 1.0
371.00 175.30 1.0
371.00 175.40 1.0
371.00 175.50 1.0
371.20 175.70 1.0
371.40 175.90 1.0
371.60 176.10 1.0
371.80 176.30 1.0
372.00 176.50 1.0
372.40 177.00 1.0
372.80 177.50 1.0
373.20 178.00 1.0
373.60 178.50 1.0
374.00 179.00 1.0
374.80 179.40 1.0
375.60 179.80 1.0
376.40 180.20 1.0
377.20 180.60 1.0
378.00 181.00 1.0
378.50 181.30 1.0
379.00 181.60 1.0
379.50 181.90 1.0
380.00 182.20 1.0
380.50 182.50 1.0
381.70 182.90 1.0
382.90 183.30 1.0
384.10 183.70 1.0
385.30 184.10 1.0
386.50 184.50 1.0
387.50 185.20 1.0
388.50 185.90 1.0
389.50 186.60 1.0
390.50 187.30 1.0
391.50 188.00 1.0
392.60 188.80 1.0
393.70 189.60 1.0
394.80 190.40 1.0
395.90 191.20 1.0
397.00 192.00 1.0
398.00 192.50 1.0
399.00 193.00 1.0
400.00 193.50 1.0
401.00 194.00 1.0
402.00 194.50 1.0
403.00 194.60 1.0
404.00 194.70 1.0
405.00 194.80 1.0
406.00 194.90 1.0
407.00 195.00 1.0
407.60 195.90 1.0
408.20 196.80 1.0
408.80 197.70 1.0
413.50 196.50 1.0
410.00 199.50 1.0
417.00 197.50 1.0
412.80 202.10 1.0
419.50 198.00 1.0
420.00 198.00 1.0
419.50 198.00 1.0
418.10 206.60 1.0
422.00 200.50 1.0
420.30 207.80 1.0
423.00 200.50 1.0
425.50 201.50 1.0
424.50 201.00 1.0
425.30 207.40 1.0
428.50 202.50 1.0
428.10 205.80 1.0
429.00 206.00 1.0
430.60 205.70 1.0
431.70 206.40 1.0
432.80 207.10 1.0
433.90 207.80 1.0
435.00 208.50 1.0
435.30 208.70 1.0
435.60 208.90 1.0
435.90 209.10 1.0
436.20 209.30 1.0
436.50 209.50 1.0
437.30 209.80 1.0
438.10 210.10 1.0
438.90 210.40 1.0
439.70 210.70 1.0
440.50 211.00 1.0
441.10 211.00 1.0
441.70 211.00 1.0
442.30 211.00 1.0
442.90 211.00 1.0
443.50 211.00 1.0
443.80 211.70 1.0
444.10 212.40 1.0
444.40 213.10 1.0
444.70 213.80 1.0
445.00 214.50 1.0
445.00 214.50 1.0
445.00 214.50 1.0
445.00 214.50 1.0
445.00 214.50 1.0
445.00 214.50 1.0
445.00 214.50 1.0
445.00 214.50 1.0
445.00 214.50 1.0
445.00 214.50 1.0
445.00 214.50 1.0
445.00 214.50 1.0
445.00 214.50 1.0
445.00 214.50 1.0
445.00 214.50 1.0
445.00 214.50 1.0
444.60 215.00 1.0
447.00 214.50 1.0
443.80 216.00 1.0
447.00 214.50 1.0
443.00 217.00 1.0
447.50 210.00 1.0
443.00 216.40 1.0
447.50 210.00 1.0
443.00 215.80 1.0
447.50 210.00 1.0
443.80 214.30 1.0
447.50 207.00 1.0
445.40 211.90 1.0
448.00 207.00 1.0
447.00 209.50 1.0
449.50 202.50 1.0
448.20 206.10 1.0
449.50 199.50 1.0
449.40 202.70 1.0
451.00 199.00 1.0
450.00 200.10 1.0
451.50 196.50 1.0
450.00 198.30 1.0
450.00 197.40 1.0
450.00 196.50 1.0
449.90 195.90 1.0
449.80 195.30 1.0
449.70 194.70 1.0
449.60 194.10 1.0
449.50 193.50 1.0
449.50 193.50 1.0
449.50 193.50 1.0
449.50 193.50 1.0
449.50 193.50 1.0
449.50 193.50 1.0
448.80 194.10 1.0
448.10 194.70 1.0
447.40 195.30 1.0
446.70 195.90 1.0
446.00 196.50 1.0
445.70 196.00 1.0
445.40 195.50 1.0
445.10 195.00 1.0
444.80 194.50 1.0
444.50 194.00 1.0
443.80 194.60 1.0
443.10 195.20 1.0
442.40 195.80 1.0
441.70 196.40 1.0
441.00 197.00 1.0
440.50 196.80 1.0
440.00 196.60 1.0
439.50 196.40 1.0
439.00 196.20 1.0
438.50 196.00 1.0
436.80 195.40 1.0
435.10 194.80 1.0
433.40 194.20 1.0
431.70 193.60 1.0
430.00 193.00 1.0
429.10 192.80 1.0
428.20 192.60 1.0
427.30 192.40 1.0
426.40 192.20 1.0
425.50 192.00 1.0
424.10 191.60 1.0
422.70 191.20 1.0
421.30 190.80 1.0
419.90 190.40 1.0
418.50 190.00 1.0
417.20 189.30 1.0
415.90 188.60 1.0
414.60 187.90 1.0
413.30 187.20 1.0
412.00 186.50 1.0
410.80 186.10 1.0
409.60 185.70 1.0
408.40 185.30 1.0
407.20 184.90 1.0
406.00 184.50 1.0
404.10 184.30 1.0
402.20 184.10 1.0
400.30 183.90 1.0
398.40 183.70 1.0
396.50 183.50 1.0
394.70 183.40 1.0
392.90 183.30 1.0
391.10 183.20 1.0
389.30 183.10 1.0
387.50 183.00 1.0
386.30 182.70 1.0
385.10 182.40 1.0
383.90 182.10 1.0
382.70 181.80 1.0
381.50 181.50 1.0
379.80 181.40 1.0
378.10 181.30 1.0
376.40 181.20 1.0
374.70 181.10 1.0
373.00 181.00 1.0
371.50 180.60 1.0
370.00 180.20 1.0
368.50 179.80 1.0
367.00 179.40 1.0
365.50 179.00 1.0
365.40 179.00 1.0
365.30 179.00 1.0
365.20 179.00 1.0
365.10 179.00 1.0
365.00 179.00 1.0
363.60 179.10 1.0
362.20 179.20 1.0
360.80 179.30 1.0
359.40 179.40 1.0
358.00 179.50 1.0
357.70 179.60 1.0
357.40 179.70 1.0
357.10 179.80 1.0
356.80 179.90 1.0
356.50 180.00 1.0
356.30 180.20 1.0
356.10 180.40 1.0
355.90 180.60 1.0
355.70 180.80 1.0
355.50 181.00 1.0
355.50 180.80 1.0
355.50 180.60 1.0
355.50 180.40 1.0
355.50 180.20 1.0
355.50 180.00 1.0
355.90 179.90 1.0
356.30 179.80 1.0
356.70 179.70 1.0
357.10 179.60 1.0
357.50 179.50 1.0
357.30 179.50 1.0
357.10 179.50 1.0
356.90 179.50 1.0
356.70 179.50 1.0
356.50 179.50 1.0
357.10 179.00 1.0
357.70 178.50 1.0
358.30 178.00 1.0
358.90 177.50 1.0
359.50 177.00 1.0
360.60 175.00 1.0
361.70 173.00 1.0
362.80 171.00 1.0
363.90 169.00 1.0
365.00 167.00 1.0
365.30 165.60 1.0
365.60 164.20 1.0
365.90 162.80 1.0
366.20 161.40 1.0
366.50 160.00 1.0
366.80 159.20 1.0
367.10 158.40 1.0
367.40 157.60 1.0
367.70 156.80 1.0
368.00 156.00 1.0
367.60 155.20 1.0
367.20 154.40 1.0
366.80 153.60 1.0
366.40 152.80 1.0
366.00 152.00 1.0
366.20 151.70 1.0
366.40 151.40 1.0
366.60 151.10 1.0
366.80 150.80 1.0
367.00 150.50 1.0
367.50 150.40 1.0
368.00 150.30 1.0
368.50 150.20 1.0
369.00 150.10 1.0
369.50 150.00 1.0
369.50 150.00 1.0
369.50 150.00 1.0
369.50 150.00 1.0
369.50 150.00 1.0
369.50 150.00 1.0
369.50 150.80 1.0
369.50 151.60 1.0
369.50 152.40 1.0
369.50 153.20 1.0
369.50 154.00 1.0
371.40 154.00 1.0
373.30 154.00 1.0
375.20 154.00 1.0
377.10 154.00 1.0
379.00 154.00 1.0
382.10 155.40 1.0
385.20 156.80 1.0
388.30 158.20 1.0
391.40 159.60 1.0
394.50 161.00 1.0
395.80 161.70 1.0
397.10 162.40 1.0
398.40 163.10 1.0
399.70 163.80 1.0
401.00 164.50 1.0
401.90 165.20 1.0
402.80 165.90 1.0
403.70 166.60 1.0
404.60 167.30 1.0
405.50 168.00 1.0
406.30 168.20 1.0
407.10 168.40 1.0
407.90 168.60 1.0
408.70 168.80 1.0
409.50 169.00 1.0
411.10 169.70 1.0
412.70 170.40 1.0
414.30 171.10 1.0
415.90 171.80 1.0
417.50 172.50 1.0
418.50 172.90 1.0
419.50 173.30 1.0
420.50 173.70 1.0
421.50 174.10 1.0
422.50 174.50 1.0
423.60 175.00 1.0
424.70 175.50 1.0
425.80 176.00 1.0
426.90 176.50 1.0
428.00 177.00 1.0
428.50 177.40 1.0
429.00 177.80 1.0
429.50 178.20 1.0
430.00 178.60 1.0
430.50 179.00 1.0
431.70 179.40 1.0
432.90 179.80 1.0
434.10 180.20 1.0
435.30 180.60 1.0
436.50 181.00 1.0
437.60 182.00 1.0
438.70 183.00 1.0
439.80 184.00 1.0
440.90 185.00 1.0
442.00 186.00 1.0
442.80 185.70 1.0
443.60 185.40 1.0
444.40 185.10 1.0
445.20 184.80 1.0
446.00 184.50 1.0
446.50 184.80 1.0
447.00 185.10 1.0
447.50 185.40 1.0
448.00 185.70 1.0
448.50 186.00 1.0
448.60 186.00 1.0
448.70 186.00 1.0
448.80 186.00 1.0
448.90 186.00 1.0
449.00 186.00 1.0
449.40 186.30 1.0
449.80 186.60 1.0
450.20 186.90 1.0
450.60 187.20 1.0
451.00 187.50 1.0
451.30 188.10 1.0
451.60 188.70 1.0
451.90 189.30 1.0
452.20 189.90 1.0
452.50 190.50 1.0
452.80 191.00 1.0
453.10 191.50 1.0
453.40 192.00 1.0
453.70 192.50 1.0
454.00 193.00 1.0
453.90 193.20 1.0
453.80 193.40 1.0
453.70 193.60 1.0
453.60 193.80 1.0
453.50 194.00 1.0
453.50 193.50 1.0
453.50 193.00 1.0
453.50 192.50 1.0
453.50 192.00 1.0
453.50 191.50 1.0
453.50 190.90 1.0
453.50 190.30 1.0
453.50 189.70 1.0
453.50 189.10 1.0
453.50 188.50 1.0
453.40 187.90 1.0
453.30 187.30 1.0
453.20 186.70 1.0
453.10 186.10 1.0
453.00 185.50 1.0
453.00 184.40 1.0
453.00 183.30 1.0
453.00 182.20 1.0
453.00 181.10 1.0
453.00 180.00 1.0
452.90 178.70 1.0
452.80 177.40 1.0
452.70 176.10 1.0
452.60 174.80 1.0
452.50 173.50 1.0
451.70 172.90 1.0
450.90 172.30 1.0
450.10 171.70 1.0
449.30 171.10 1.0
448.50 170.50 1.0
448.50 170.90 1.0
448.50 171.30 1.0
448.50 171.70 1.0
448.50 172.10 1.0
448.50 172.50 1.0
448.30 172.80 1.0
448.10 173.10 1.0
447.90 173.40 1.0
447.70 173.70 1.0
447.50 174.00 1.0
447.70 173.60 1.0
447.90 173.20 1.0
448.10 172.80 1.0
448.30 172.40 1.0
448.50 172.00 1.0
447.20 171.90 1.0
445.90 171.80 1.0
444.60 171.70 1.0
443.30 171.60 1.0
442.00 171.50 1.0
441.00 170.80 1.0
440.00 170.10 1.0
439.00 169.40 1.0
438.00 168.70 1.0
437.00 168.00 1.0
434.80 167.30 1.0
432.60 166.60 1.0
430.40 165.90 1.0
428.20 165.20 1.0
426.00 164.50 1.0
425.20 164.10 1.0
424.40 163.70 1.0
423.60 163.30 1.0
422.80 162.90 1.0
422.00 162.50 1.0
419.80 162.20 1.0
417.60 161.90 1.0
415.40 161.60 1.0
413.20 161.30 1.0
411.00 161.00 1.0
409.10 160.70 1.0
407.20 160.40 1.0
405.30 160.10 1.0
403.40 159.80 1.0
401.50 159.50 1.0
400.30 159.30 1.0
399.10 159.10 1.0
397.90 158.90 1.0
396.70 158.70 1.0
395.50 158.50 1.0
393.40 158.40 1.0
391.30 158.30 1.0
389.20 158.20 1.0
387.10 158.10 1.0
385.00 158.00 1.0
382.90 157.90 1.0
380.80 157.80 1.0
378.70 157.70 1.0
376.60 157.60 1.0
374.50 157.50 1.0
373.70 157.20 1.0
372.90 156.90 1.0
372.10 156.60 1.0
371.30 156.30 1.0
370.50 156.00 1.0
370.00 156.00 1.0
369.50 156.00 1.0
369.00 156.00 1.0
368.50 156.00 1.0
368.00 156.00 1.0
367.40 155.90 1.0
366.80 155.80 1.0
366.20 155.70 1.0
365.60 155.60 1.0
365.00 155.50 1.0
363.80 155.50 1.0
362.60 155.50 1.0
361.40 155.50 1.0
360.20 155.50 1.0
359.00 155.50 1.0
359.10 155.40 1.0
359.20 155.30 1.0
359.30 155.20 1.0
359.40 155.10 1.0
359.50 155.00 1.0
359.30 155.40 1.0
359.10 155.80 1.0
358.90 156.20 1.0
358.70 156.60 1.0
358.50 157.00 1.0
359.10 157.30 1.0
359.70 157.60 1.0
360.30 157.90 1.0
360.90 158.20 1.0
361.50 158.50 1.0
362.30 159.80 1.0
363.10 161.10 1.0
363.90 162.40 1.0
364.70 163.70 1.0
365.50 165.00 1.0
365.50 167.80 1.0
365.50 170.60 1.0
365.50 173.40 1.0
365.50 176.20 1.0
365.50 179.00 1.0
365.90 179.30 1.0
366.30 179.60 1.0
366.70 179.90 1.0
367.10 180.20 1.0
367.50 180.50 1.0
368.00 180.90 1.0
368.50 181.30 1.0
369.00 181.70 1.0
369.50 182.10 1.0
370.00 182.50 1.0
370.00 182.60 1.0
370.00 182.70 1.0
370.00 182.80 1.0
370.00 182.90 1.0
370.00 183.00 1.0
369.80 183.20 1.0
369.60 183.40 1.0
369.40 183.60 1.0
369.20 183.80 1.0
369.00 184.00 1.0
369.30 183.90 1.0
369.60 183.80 1.0
369.90 183.70 1.0
370.20 183.60 1.0
370.50 183.50 1.0
370.70 183.60 1.0
370.90 183.70 1.0
371.10 183.80 1.0
371.30 183.90 1.0
371.50 184.00 1.0
371.70 184.30 1.0
371.90 184.60 1.0
372.10 184.90 1.0
372.30 185.20 1.0
372.50 185.50 1.0
373.10 185.90 1.0
373.70 186.30 1.0
374.30 186.70 1.0
374.90 187.10 1.0
375.50 187.50 1.0
377.50 187.90 1.0
379.50 188.30 1.0
381.50 188.70 1.0
383.50 189.10 1.0
385.50 189.50 1.0
386.50 189.80 1.0
387.50 190.10 1.0
388.50 190.40 1.0
389.50 190.70 1.0
390.50 191.00 1.0
391.30 191.20 1.0
392.10 191.40 1.0
392.90 191.60 1.0
393.70 191.80 1.0
394.50 192.00 1.0
395.50 192.20 1.0
396.50 192.40 1.0
397.50 192.60 1.0
398.50 192.80 1.0
399.50 193.00 1.0
400.80 192.80 1.0
402.10 192.60 1.0
403.40 192.40 1.0
404.70 192.20 1.0
406.00 192.00 1.0
407.40 192.40 1.0
408.80 192.80 1.0
410.20 193.20 1.0
411.60 193.60 1.0
413.00 194.00 1.0
414.40 194.50 1.0
415.80 195.00 1.0
417.20 195.50 1.0
418.60 196.00 1.0
420.00 196.50 1.0
420.90 196.50 1.0
421.80 196.50 1.0
422.70 196.50 1.0
423.60 196.50 1.0
424.50 196.50 1.0
425.70 196.70 1.0
426.90 196.90 1.0
428.10 197.10 1.0
429.30 197.30 1.0
430.50 197.50 1.0
431.60 198.00 1.0
432.70 198.50 1.0
433.80 199.00 1.0
434.90 199.50 1.0
436.00 200.00 1.0
436.10 200.00 1.0
436.20 200.00 1.0
436.30 200.00 1.0
436.40 200.00 1.0
436.50 200.00 1.0
437.40 200.50 1.0
438.30 201.00 1.0
439.20 201.50 1.0
440.10 202.00 1.0
441.00 202.50 1.0
