338.46153846153845 241.15384615384616 1.0
338.46153846153845 241.15384615384616 1.0
333.84615384615387 240.0 1.0
327.6923076923077 236.53846153846155 1.0
321.53846153846155 233.07692307692307 1.0
320.0 230.76923076923077 1.0
315.38461538461536 230.76923076923077 1.0
315.38461538461536 230.76923076923077 1.0
309.2307692307692 235.3846153846154 1.0
296.9230769230769 233.07692307692307 1.0
292.3076923076923 233.07692307692307 1.0
286.15384615384613 236.53846153846155 1.0
284.61538461538464 240.0 1.0
283.0769230769231 238.84615384615384 1.0
276.9230769230769 237.69230769230768 1.0
276.9230769230769 237.69230769230768 1.0
276.9230769230769 240.0 1.0
276.9230769230769 246.92307692307693 1.0
273.84615384615387 248.07692307692307 1.0
267.6923076923077 248.07692307692307 1.0
267.6923076923077 249.23076923076923 1.0
267.6923076923077 251.53846153846155 1.0
267.6923076923077 256.15384615384613 1.0
267.6923076923077 259.61538461538464 1.0
269.2307692307692 259.61538461538464 1.0
273.84615384615387 259.61538461538464 1.0
273.84615384615387 264.2307692307692 1.0
273.84615384615387 270.0 1.0
278.46153846153845 276.9230769230769 1.0
281.53846153846155 291.9230769230769 1.0
284.61538461538464 297.6923076923077 1.0
290.7692307692308 301.15384615384613 1.0
295.38461538461536 302.3076923076923 1.0
300.0 308.0769230769231 1.0
309.2307692307692 310.38461538461536 1.0
324.61538461538464 316.15384615384613 1.0
332.3076923076923 320.7692307692308 1.0
344.61538461538464 324.2307692307692 1.0
353.84615384615387 321.9230769230769 1.0
363.0769230769231 323.0769230769231 1.0
372.3076923076923 325.38461538461536 1.0
376.9230769230769 325.38461538461536 1.0
381.53846153846155 318.46153846153845 1.0
381.53846153846155 317.3076923076923 1.0
381.53846153846155 316.15384615384613 1.0
383.0769230769231 317.3076923076923 1.0
389.2307692307692 311.53846153846155 1.0
389.2307692307692 308.0769230769231 1.0
395.38461538461536 302.3076923076923 1.0
401.53846153846155 295.38461538461536 1.0
401.53846153846155 288.46153846153845 1.0
401.53846153846155 286.15384615384613 1.0
406.15384615384613 283.84615384615387 1.0
410.7692307692308 279.2307692307692 1.0
421.53846153846155 276.9230769230769 1.0
415.38461538461536 272.3076923076923 1.0
410.7692307692308 266.53846153846155 1.0
407.6923076923077 260.7692307692308 1.0
407.6923076923077 258.46153846153845 1.0
410.7692307692308 255.0 1.0
410.7692307692308 253.84615384615384 1.0
403.0769230769231 250.3846153846154 1.0
396.9230769230769 242.30769230769232 1.0
395.38461538461536 231.92307692307693 1.0
395.38461538461536 227.30769230769232 1.0
403.0769230769231 225.0 1.0
403.0769230769231 222.69230769230768 1.0
395.38461538461536 219.23076923076923 1.0
387.6923076923077 210.0 1.0
378.46153846153845 206.53846153846155 1.0
375.38461538461536 203.07692307692307 1.0
372.3076923076923 200.76923076923077 1.0
366.15384615384613 195.0 1.0
360.0 193.84615384615384 1.0
349.2307692307692 192.69230769230768 1.0
341.53846153846155 191.53846153846155 1.0
329.2307692307692 191.53846153846155 1.0
326.15384615384613 196.15384615384616 1.0
318.46153846153845 196.15384615384616 1.0
310.7692307692308 193.84615384615384 1.0
306.15384615384613 192.69230769230768 1.0
306.15384615384613 196.15384615384616 1.0
304.61538461538464 199.6153846153846 1.0
303.0769230769231 204.23076923076923 1.0
300.0 208.84615384615384 1.0
293.84615384615387 206.53846153846155 1.0
293.84615384615387 206.53846153846155 1.0
292.3076923076923 210.0 1.0
292.3076923076923 213.46153846153845 1.0
293.84615384615387 213.46153846153845 1.0
293.84615384615387 218.07692307692307 1.0
298.46153846153845 218.07692307692307 1.0
300.0 216.92307692307693 1.0
300.0 216.92307692307693 1.0
301.53846153846155 216.92307692307693 1.0
292.3076923076923 216.92307692307693 1.0
275.38461538461536 218.07692307692307 1.0
278.46153846153845 219.23076923076923 1.0
269.2307692307692 222.69230769230768 1.0
266.15384615384613 223.84615384615384 1.0
266.15384615384613 226.15384615384616 1.0
243.07692307692307 231.92307692307693 1.0
235.3846153846154 234.23076923076923 1.0
233.84615384615384 234.23076923076923 1.0
233.84615384615384 233.07692307692307 1.0
233.84615384615384 233.07692307692307 1.0
229.23076923076923 241.15384615384616 1.0
229.23076923076923 241.15384615384616 1.0
223.07692307692307 241.15384615384616 1.0
247.69230769230768 240.0 1.0
287.6923076923077 243.46153846153845 1.0
309.2307692307692 249.23076923076923 1.0
309.2307692307692 249.23076923076923 1.0
306.15384615384613 245.76923076923077 1.0
300.0 245.76923076923077 1.0
293.84615384615387 241.15384615384616 1.0
287.6923076923077 238.84615384615384 1.0
280.0 230.76923076923077 1.0
272.3076923076923 227.30769230769232 1.0
258.46153846153845 214.6153846153846 1.0
253.84615384615384 214.6153846153846 1.0
247.69230769230768 220.3846153846154 1.0
244.6153846153846 229.6153846153846 1.0
244.6153846153846 237.69230769230768 1.0
241.53846153846155 242.30769230769232 1.0
241.53846153846155 243.46153846153845 1.0
238.46153846153845 251.53846153846155 1.0
238.46153846153845 259.61538461538464 1.0
246.15384615384616 267.6923076923077 1.0
255.3846153846154 287.3076923076923 1.0
264.61538461538464 296.53846153846155 1.0
281.53846153846155 296.53846153846155 1.0
296.9230769230769 303.46153846153845 1.0
309.2307692307692 309.2307692307692 1.0
326.15384615384613 319.61538461538464 1.0
333.84615384615387 320.7692307692308 1.0
338.46153846153845 317.3076923076923 1.0
346.15384615384613 316.15384615384613 1.0
352.3076923076923 310.38461538461536 1.0
358.46153846153845 304.61538461538464 1.0
364.61538461538464 302.3076923076923 1.0
364.61538461538464 301.15384615384613 1.0
364.61538461538464 305.7692307692308 1.0
358.46153846153845 300.0 1.0
360.0 289.61538461538464 1.0
361.53846153846155 287.3076923076923 1.0
361.53846153846155 281.53846153846155 1.0
347.6923076923077 276.9230769230769 1.0
347.6923076923077 276.9230769230769 1.0
343.0769230769231 278.0769230769231 1.0
341.53846153846155 276.9230769230769 1.0
341.53846153846155 276.9230769230769 1.0
333.84615384615387 268.84615384615387 1.0
333.84615384615387 267.6923076923077 1.0
340.0 264.2307692307692 1.0
344.61538461538464 265.38461538461536 1.0
341.53846153846155 264.2307692307692 1.0
338.46153846153845 258.46153846153845 1.0
338.46153846153845 256.15384615384613 1.0
338.46153846153845 253.84615384615384 1.0
338.46153846153845 249.23076923076923 1.0
333.84615384615387 240.0 1.0
321.53846153846155 231.92307692307693 1.0
309.2307692307692 225.0 1.0
303.0769230769231 222.69230769230768 1.0
300.0 222.69230769230768 1.0
289.2307692307692 220.3846153846154 1.0
284.61538461538464 218.07692307692307 1.0
275.38461538461536 215.76923076923077 1.0
269.2307692307692 216.92307692307693 1.0
266.15384615384613 220.3846153846154 1.0
260.0 220.3846153846154 1.0
250.76923076923077 221.53846153846155 1.0
243.07692307692307 222.69230769230768 1.0
243.07692307692307 222.69230769230768 1.0
235.3846153846154 225.0 1.0
227.69230769230768 225.0 1.0
212.30769230769232 227.30769230769232 1.0
206.15384615384616 226.15384615384616 1.0
206.15384615384616 229.6153846153846 1.0
204.6153846153846 230.76923076923077 1.0
200.0 230.76923076923077 1.0
193.84615384615384 236.53846153846155 1.0
193.84615384615384 238.84615384615384 1.0
198.46153846153845 235.3846153846154 1.0
204.6153846153846 231.92307692307693 1.0
220.0 241.15384615384616 1.0
235.3846153846154 260.7692307692308 1.0
249.23076923076923 273.46153846153845 1.0
260.0 285.0 1.0
276.9230769230769 291.9230769230769 1.0
286.15384615384613 305.7692307692308 1.0
293.84615384615387 312.6923076923077 1.0
296.9230769230769 320.7692307692308 1.0
300.0 328.84615384615387 1.0
301.53846153846155 336.9230769230769 1.0
303.0769230769231 332.3076923076923 1.0
307.6923076923077 328.84615384615387 1.0
323.0769230769231 328.84615384615387 1.0
329.2307692307692 327.6923076923077 1.0
333.84615384615387 327.6923076923077 1.0
340.0 327.6923076923077 1.0
343.0769230769231 331.15384615384613 1.0
350.7692307692308 334.61538461538464 1.0
363.0769230769231 346.15384615384613 1.0
366.15384615384613 346.15384615384613 1.0
367.6923076923077 342.6923076923077 1.0
367.6923076923077 339.2307692307692 1.0
367.6923076923077 331.15384615384613 1.0
370.7692307692308 324.2307692307692 1.0
373.84615384615387 319.61538461538464 1.0
376.9230769230769 313.84615384615387 1.0
376.9230769230769 306.9230769230769 1.0
380.0 298.84615384615387 1.0
390.7692307692308 295.38461538461536 1.0
386.15384615384613 291.9230769230769 1.0
386.15384615384613 285.0 1.0
389.2307692307692 282.6923076923077 1.0
386.15384615384613 280.38461538461536 1.0
386.15384615384613 280.38461538461536 1.0
386.15384615384613 280.38461538461536 1.0
383.0769230769231 280.38461538461536 1.0
380.0 280.38461538461536 1.0
380.0 278.0769230769231 1.0
380.0 276.9230769230769 1.0
380.0 276.9230769230769 1.0
376.9230769230769 275.7692307692308 1.0
372.3076923076923 273.46153846153845 1.0
367.6923076923077 270.0 1.0
352.3076923076923 264.2307692307692 1.0
350.7692307692308 263.0769230769231 1.0
346.15384615384613 257.3076923076923 1.0
347.6923076923077 252.69230769230768 1.0
341.53846153846155 252.69230769230768 1.0
341.53846153846155 256.15384615384613 1.0
343.0769230769231 260.7692307692308 1.0
343.0769230769231 257.3076923076923 1.0
340.0 248.07692307692307 1.0
333.84615384615387 241.15384615384616 1.0
329.2307692307692 235.3846153846154 1.0
333.84615384615387 231.92307692307693 1.0
321.53846153846155 227.30769230769232 1.0
313.84615384615387 225.0 1.0
300.0 218.07692307692307 1.0
289.2307692307692 216.92307692307693 1.0
283.0769230769231 216.92307692307693 1.0
280.0 216.92307692307693 1.0
270.7692307692308 215.76923076923077 1.0
267.6923076923077 215.76923076923077 1.0
264.61538461538464 219.23076923076923 1.0
260.0 222.69230769230768 1.0
255.3846153846154 230.76923076923077 1.0
249.23076923076923 236.53846153846155 1.0
244.6153846153846 241.15384615384616 1.0
238.46153846153845 246.92307692307693 1.0
236.92307692307693 266.53846153846155 1.0
236.92307692307693 282.6923076923077 1.0
236.92307692307693 295.38461538461536 1.0
241.53846153846155 305.7692307692308 1.0
247.69230769230768 311.53846153846155 1.0
249.23076923076923 323.0769230769231 1.0
255.3846153846154 332.3076923076923 1.0
260.0 332.3076923076923 1.0
263.0769230769231 331.15384615384613 1.0
273.84615384615387 328.84615384615387 1.0
286.15384615384613 325.38461538461536 1.0
296.9230769230769 325.38461538461536 1.0
304.61538461538464 323.0769230769231 1.0
310.7692307692308 316.15384615384613 1.0
312.3076923076923 312.6923076923077 1.0
313.84615384615387 310.38461538461536 1.0
326.15384615384613 310.38461538461536 1.0
338.46153846153845 310.38461538461536 1.0
341.53846153846155 310.38461538461536 1.0
346.15384615384613 310.38461538461536 1.0
353.84615384615387 308.0769230769231 1.0
355.38461538461536 302.3076923076923 1.0
360.0 297.6923076923077 1.0
363.0769230769231 290.7692307692308 1.0
366.15384615384613 283.84615384615387 1.0
367.6923076923077 275.7692307692308 1.0
370.7692307692308 270.0 1.0
370.7692307692308 263.0769230769231 1.0
372.3076923076923 253.84615384615384 1.0
378.46153846153845 251.53846153846155 1.0
383.0769230769231 246.92307692307693 1.0
383.0769230769231 246.92307692307693 1.0
378.46153846153845 246.92307692307693 1.0
356.9230769230769 246.92307692307693 1.0
356.9230769230769 246.92307692307693 1.0
356.9230769230769 246.92307692307693 1.0
343.0769230769231 248.07692307692307 1.0
332.3076923076923 248.07692307692307 1.0
327.6923076923077 246.92307692307693 1.0
326.15384615384613 243.46153846153845 1.0
326.15384615384613 243.46153846153845 1.0
323.0769230769231 243.46153846153845 1.0
320.0 248.07692307692307 1.0
298.46153846153845 252.69230769230768 1.0
278.46153846153845 256.15384615384613 1.0
261.53846153846155 264.2307692307692 1.0
258.46153846153845 266.53846153846155 1.0
258.46153846153845 266.53846153846155 1.0
243.07692307692307 273.46153846153845 1.0
238.46153846153845 275.7692307692308 1.0
238.46153846153845 275.7692307692308 1.0
238.46153846153845 275.7692307692308 1.0
238.46153846153845 275.7692307692308 1.0
240.0 272.3076923076923 1.0
241.53846153846155 272.3076923076923 1.0
249.23076923076923 268.84615384615387 1.0
293.84615384615387 244.6153846153846 1.0
335.38461538461536 234.23076923076923 1.0
375.38461538461536 237.69230769230768 1.0
407.6923076923077 241.15384615384616 1.0
423.0769230769231 245.76923076923077 1.0
432.3076923076923 249.23076923076923 1.0
435.38461538461536 248.07692307692307 1.0
436.9230769230769 243.46153846153845 1.0
436.9230769230769 243.46153846153845 1.0
435.38461538461536 246.92307692307693 1.0
433.84615384615387 248.07692307692307 1.0
433.84615384615387 248.07692307692307 1.0
433.84615384615387 244.6153846153846 1.0
409.2307692307692 241.15384615384616 1.0
356.9230769230769 243.46153846153845 1.0
309.2307692307692 251.53846153846155 1.0
283.0769230769231 261.9230769230769 1.0
278.46153846153845 259.61538461538464 1.0
278.46153846153845 259.61538461538464 1.0
276.9230769230769 260.7692307692308 1.0
275.38461538461536 260.7692307692308 1.0
276.9230769230769 258.46153846153845 1.0
269.2307692307692 264.2307692307692 1.0
264.61538461538464 271.15384615384613 1.0
266.15384615384613 271.15384615384613 1.0
266.15384615384613 271.15384615384613 1.0
278.46153846153845 259.61538461538464 1.0
332.3076923076923 243.46153846153845 1.0
380.0 244.6153846153846 1.0
387.6923076923077 245.76923076923077 1.0
387.6923076923077 245.76923076923077 1.0
389.2307692307692 245.76923076923077 1.0
407.6923076923077 243.46153846153845 1.0
420.0 245.76923076923077 1.0
420.0 245.76923076923077 1.0
420.0 245.76923076923077 1.0
420.0 245.76923076923077 1.0
393.84615384615387 249.23076923076923 1.0
395.38461538461536 246.92307692307693 1.0
395.38461538461536 250.3846153846154 1.0
395.38461538461536 251.53846153846155 1.0
395.38461538461536 256.15384615384613 1.0
389.2307692307692 255.0 1.0
389.2307692307692 260.7692307692308 1.0
387.6923076923077 264.2307692307692 1.0
381.53846153846155 275.7692307692308 1.0
378.46153846153845 286.15384615384613 1.0
378.46153846153845 295.38461538461536 1.0
383.0769230769231 303.46153846153845 1.0
378.46153846153845 306.9230769230769 1.0
378.46153846153845 305.7692307692308 1.0
378.46153846153845 303.46153846153845 1.0
387.6923076923077 303.46153846153845 1.0
395.38461538461536 303.46153846153845 1.0
403.0769230769231 308.0769230769231 1.0
416.9230769230769 313.84615384615387 1.0
426.15384615384613 306.9230769230769 1.0
435.38461538461536 295.38461538461536 1.0
440.0 283.84615384615387 1.0
450.7692307692308 278.0769230769231 1.0
456.9230769230769 265.38461538461536 1.0
455.38461538461536 260.7692307692308 1.0
455.38461538461536 252.69230769230768 1.0
455.38461538461536 248.07692307692307 1.0
449.2307692307692 245.76923076923077 1.0
447.6923076923077 242.30769230769232 1.0
443.0769230769231 236.53846153846155 1.0
443.0769230769231 233.07692307692307 1.0
441.53846153846155 226.15384615384616 1.0
436.9230769230769 218.07692307692307 1.0
432.3076923076923 213.46153846153845 1.0
424.61538461538464 207.69230769230768 1.0
412.3076923076923 203.07692307692307 1.0
401.53846153846155 195.0 1.0
387.6923076923077 188.07692307692307 1.0
378.46153846153845 185.76923076923077 1.0
373.84615384615387 185.76923076923077 1.0
364.61538461538464 184.6153846153846 1.0
355.38461538461536 183.46153846153845 1.0
352.3076923076923 184.6153846153846 1.0
346.15384615384613 186.92307692307693 1.0
333.84615384615387 190.3846153846154 1.0
321.53846153846155 195.0 1.0
310.7692307692308 197.30769230769232 1.0
307.6923076923077 200.76923076923077 1.0
298.46153846153845 205.3846153846154 1.0
295.38461538461536 211.15384615384616 1.0
290.7692307692308 215.76923076923077 1.0
304.61538461538464 228.46153846153845 1.0
324.61538461538464 238.84615384615384 1.0
327.6923076923077 245.76923076923077 1.0
329.2307692307692 248.07692307692307 1.0
330.7692307692308 248.07692307692307 1.0
333.84615384615387 249.23076923076923 1.0
335.38461538461536 248.07692307692307 1.0
335.38461538461536 249.23076923076923 1.0
335.38461538461536 255.0 1.0
336.9230769230769 255.0 1.0
344.61538461538464 259.61538461538464 1.0
349.2307692307692 264.2307692307692 1.0
