292.3076923076923 287.3076923076923
292.3076923076923 287.3076923076923
292.3076923076923 287.3076923076923
292.3076923076923 287.3076923076923
292.3076923076923 287.3076923076923
292.3076923076923 287.3076923076923
292.3076923076923 287.3076923076923
292.3076923076923 287.3076923076923
292.3076923076923 287.3076923076923
292.3076923076923 287.3076923076923
292.3076923076923 287.3076923076923
295.38461538461536 279.2307692307692
321.53846153846155 279.2307692307692
270.7692307692308 341.53846153846155
284.61538461538464 338.0769230769231
306.15384615384613 338.0769230769231
330.7692307692308 350.7692307692308
326.15384615384613 348.46153846153845
333.84615384615387 345.0
333.84615384615387 342.6923076923077
346.15384615384613 338.0769230769231
340.0 332.3076923076923
333.84615384615387 323.0769230769231
326.15384615384613 308.0769230769231
321.53846153846155 302.3076923076923
326.15384615384613 300.0
320.0 293.0769230769231
323.0769230769231 298.84615384615387
326.15384615384613 298.84615384615387
323.0769230769231 293.0769230769231
321.53846153846155 293.0769230769231
321.53846153846155 290.7692307692308
306.15384615384613 287.3076923076923
315.38461538461536 293.0769230769231
320.0 302.3076923076923
321.53846153846155 303.46153846153845
315.38461538461536 290.7692307692308
303.0769230769231 290.7692307692308
283.0769230769231 274.61538461538464
263.0769230769231 304.61538461538464
270.7692307692308 318.46153846153845
275.38461538461536 327.6923076923077
275.38461538461536 327.6923076923077
275.38461538461536 323.0769230769231
275.38461538461536 323.0769230769231
249.23076923076923 326.53846153846155
290.7692307692308 326.53846153846155
346.15384615384613 356.53846153846155
366.15384615384613 365.7692307692308
378.46153846153845 368.0769230769231
384.61538461538464 375.0
361.53846153846155 353.0769230769231
290.7692307692308 319.61538461538464
306.15384615384613 273.46153846153845
306.15384615384613 273.46153846153845
306.15384615384613 273.46153846153845
306.15384615384613 273.46153846153845
306.15384615384613 273.46153846153845
306.15384615384613 273.46153846153845
306.15384615384613 273.46153846153845
306.15384615384613 275.7692307692308
306.15384615384613 275.7692307692308
306.15384615384613 275.7692307692308
286.15384615384613 282.6923076923077
287.6923076923077 285.0
287.6923076923077 285.0
287.6923076923077 285.0
287.6923076923077 285.0
287.6923076923077 285.0
287.6923076923077 285.0
287.6923076923077 285.0
287.6923076923077 285.0
287.6923076923077 285.0
338.46153846153845 326.53846153846155
333.84615384615387 327.6923076923077
304.61538461538464 316.15384615384613
286.15384615384613 298.84615384615387
304.61538461538464 298.84615384615387
301.53846153846155 302.3076923076923
300.0 303.46153846153845
292.3076923076923 304.61538461538464
295.38461538461536 305.7692307692308
292.3076923076923 304.61538461538464
293.84615384615387 303.46153846153845
292.3076923076923 302.3076923076923
298.46153846153845 305.7692307692308
295.38461538461536 302.3076923076923
306.15384615384613 301.15384615384613
306.15384615384613 296.53846153846155
300.0 293.0769230769231
301.53846153846155 287.3076923076923
306.15384615384613 281.53846153846155
310.7692307692308 278.0769230769231
310.7692307692308 274.61538461538464
312.3076923076923 266.53846153846155
315.38461538461536 260.7692307692308
323.0769230769231 252.69230769230768
312.3076923076923 192.69230769230768
315.38461538461536 191.53846153846155
315.38461538461536 191.53846153846155
315.38461538461536 191.53846153846155
321.53846153846155 177.69230769230768
321.53846153846155 165.0
306.15384615384613 152.30769230769232
306.15384615384613 153.46153846153845
306.15384615384613 153.46153846153845
306.15384615384613 153.46153846153845
306.15384615384613 153.46153846153845
306.15384615384613 153.46153846153845
306.15384615384613 153.46153846153845
306.15384615384613 153.46153846153845
306.15384615384613 153.46153846153845
306.15384615384613 153.46153846153845
306.15384615384613 153.46153846153845
272.3076923076923 230.76923076923077
272.3076923076923 230.76923076923077
312.3076923076923 236.53846153846155
292.3076923076923 248.07692307692307
275.38461538461536 251.53846153846155
267.6923076923077 255.0
267.6923076923077 255.0
267.6923076923077 255.0
249.23076923076923 251.53846153846155
326.15384615384613 338.0769230769231
346.15384615384613 362.3076923076923
353.84615384615387 360.0
353.84615384615387 363.46153846153845
353.84615384615387 365.7692307692308
352.3076923076923 365.7692307692308
353.84615384615387 365.7692307692308
355.38461538461536 365.7692307692308
353.84615384615387 365.7692307692308
346.15384615384613 364.61538461538464
352.3076923076923 360.0
343.0769230769231 348.46153846153845
333.84615384615387 332.3076923076923
332.3076923076923 327.6923076923077
321.53846153846155 308.0769230769231
301.53846153846155 297.6923076923077
306.15384615384613 296.53846153846155
306.15384615384613 293.0769230769231
306.15384615384613 290.7692307692308
306.15384615384613 290.7692307692308
312.3076923076923 290.7692307692308
306.15384615384613 293.0769230769231
312.3076923076923 293.0769230769231
313.84615384615387 297.6923076923077
312.3076923076923 296.53846153846155
312.3076923076923 297.6923076923077
310.7692307692308 298.84615384615387
310.7692307692308 298.84615384615387
310.7692307692308 300.0
306.15384615384613 300.0
306.15384615384613 301.15384615384613
306.15384615384613 301.15384615384613
306.15384615384613 302.3076923076923
306.15384615384613 302.3076923076923
306.15384615384613 302.3076923076923
306.15384615384613 304.61538461538464
304.61538461538464 304.61538461538464
304.61538461538464 305.7692307692308
304.61538461538464 304.61538461538464
304.61538461538464 305.7692307692308
303.0769230769231 305.7692307692308
306.15384615384613 308.0769230769231
303.0769230769231 308.0769230769231
304.61538461538464 308.0769230769231
301.53846153846155 308.0769230769231
300.0 308.0769230769231
300.0 308.0769230769231
300.0 308.0769230769231
300.0 308.0769230769231
304.61538461538464 308.0769230769231
306.15384615384613 300.0
306.15384615384613 293.0769230769231
306.15384615384613 296.53846153846155
310.7692307692308 300.0
313.84615384615387 298.84615384615387
315.38461538461536 283.84615384615387
324.61538461538464 272.3076923076923
344.61538461538464 260.7692307692308
380.0 175.3846153846154
378.46153846153845 175.3846153846154
375.38461538461536 177.69230769230768
372.3076923076923 178.84615384615384
378.46153846153845 183.46153846153845
390.7692307692308 158.07692307692307
401.53846153846155 144.23076923076923
398.46153846153845 152.30769230769232
398.46153846153845 152.30769230769232
398.46153846153845 152.30769230769232
398.46153846153845 152.30769230769232
398.46153846153845 152.30769230769232
398.46153846153845 152.30769230769232
398.46153846153845 152.30769230769232
398.46153846153845 152.30769230769232
398.46153846153845 152.30769230769232
407.6923076923077 146.53846153846155
432.3076923076923 138.46153846153845
432.3076923076923 138.46153846153845
432.3076923076923 138.46153846153845
432.3076923076923 138.46153846153845
432.3076923076923 138.46153846153845
304.61538461538464 323.0769230769231
301.53846153846155 328.84615384615387
315.38461538461536 278.0769230769231
324.61538461538464 260.7692307692308
387.6923076923077 131.53846153846155
386.15384615384613 124.61538461538461
386.15384615384613 124.61538461538461
386.15384615384613 124.61538461538461
386.15384615384613 124.61538461538461
386.15384615384613 124.61538461538461
386.15384615384613 124.61538461538461
387.6923076923077 124.61538461538461
387.6923076923077 124.61538461538461
398.46153846153845 133.84615384615384
415.38461538461536 143.07692307692307
415.38461538461536 143.07692307692307
415.38461538461536 143.07692307692307
415.38461538461536 143.07692307692307
415.38461538461536 143.07692307692307
415.38461538461536 143.07692307692307
415.38461538461536 143.07692307692307
415.38461538461536 143.07692307692307
412.3076923076923 143.07692307692307
412.3076923076923 143.07692307692307
412.3076923076923 143.07692307692307
412.3076923076923 143.07692307692307
412.3076923076923 143.07692307692307
412.3076923076923 143.07692307692307
315.38461538461536 323.0769230769231
315.38461538461536 263.0769230769231
315.38461538461536 263.0769230769231
324.61538461538464 240.0
400.0 152.30769230769232
400.0 152.30769230769232
401.53846153846155 153.46153846153845
401.53846153846155 153.46153846153845
401.53846153846155 153.46153846153845
401.53846153846155 153.46153846153845
401.53846153846155 153.46153846153845
401.53846153846155 153.46153846153845
401.53846153846155 153.46153846153845
401.53846153846155 153.46153846153845
401.53846153846155 153.46153846153845
401.53846153846155 153.46153846153845
401.53846153846155 153.46153846153845
306.15384615384613 255.0
306.15384615384613 335.7692307692308
332.3076923076923 304.61538461538464
312.3076923076923 240.0
401.53846153846155 154.6153846153846
401.53846153846155 154.6153846153846
401.53846153846155 154.6153846153846
401.53846153846155 154.6153846153846
401.53846153846155 155.76923076923077
401.53846153846155 155.76923076923077
401.53846153846155 158.07692307692307
275.38461538461536 212.30769230769232
312.3076923076923 338.0769230769231
306.15384615384613 338.0769230769231
326.15384615384613 293.0769230769231
313.84615384615387 237.69230769230768
404.61538461538464 163.84615384615384
404.61538461538464 163.84615384615384
404.61538461538464 163.84615384615384
404.61538461538464 163.84615384615384
407.6923076923077 167.30769230769232
407.6923076923077 167.30769230769232
407.6923076923077 167.30769230769232
407.6923076923077 167.30769230769232
407.6923076923077 167.30769230769232
295.38461538461536 300.0
310.7692307692308 348.46153846153845
315.38461538461536 318.46153846153845
324.61538461538464 251.53846153846155
404.61538461538464 181.15384615384616
404.61538461538464 181.15384615384616
403.0769230769231 181.15384615384616
403.0769230769231 181.15384615384616
403.0769230769231 181.15384615384616
403.0769230769231 181.15384615384616
403.0769230769231 181.15384615384616
403.0769230769231 181.15384615384616
407.6923076923077 189.23076923076923
432.3076923076923 225.0
441.53846153846155 243.46153846153845
435.38461538461536 244.6153846153846
435.38461538461536 244.6153846153846
435.38461538461536 248.07692307692307
435.38461538461536 248.07692307692307
435.38461538461536 248.07692307692307
435.38461538461536 248.07692307692307
332.3076923076923 363.46153846153845
344.61538461538464 377.3076923076923
333.84615384615387 372.6923076923077
333.84615384615387 338.0769230769231
346.15384615384613 308.0769230769231
487.6923076923077 241.15384615384616
492.3076923076923 242.30769230769232
492.3076923076923 242.30769230769232
492.3076923076923 242.30769230769232
492.3076923076923 242.30769230769232
492.3076923076923 242.30769230769232
492.3076923076923 242.30769230769232
492.3076923076923 242.30769230769232
490.7692307692308 242.30769230769232
489.2307692307692 242.30769230769232
489.2307692307692 242.30769230769232
469.2307692307692 242.30769230769232
438.46153846153845 242.30769230769232
364.61538461538464 259.61538461538464
300.0 268.84615384615387
266.15384615384613 279.2307692307692
266.15384615384613 279.2307692307692
266.15384615384613 279.2307692307692
266.15384615384613 279.2307692307692
266.15384615384613 279.2307692307692
266.15384615384613 279.2307692307692
266.15384615384613 279.2307692307692
266.15384615384613 279.2307692307692
266.15384615384613 279.2307692307692
266.15384615384613 282.6923076923077
267.6923076923077 282.6923076923077
267.6923076923077 282.6923076923077
272.3076923076923 282.6923076923077
272.3076923076923 282.6923076923077
272.3076923076923 282.6923076923077
272.3076923076923 282.6923076923077
275.38461538461536 282.6923076923077
275.38461538461536 282.6923076923077
275.38461538461536 282.6923076923077
275.38461538461536 285.0
275.38461538461536 285.0
275.38461538461536 285.0
275.38461538461536 285.0
275.38461538461536 285.0
275.38461538461536 285.0
275.38461538461536 285.0
275.38461538461536 285.0
275.38461538461536 285.0
275.38461538461536 285.0
275.38461538461536 285.0
280.0 285.0
280.0 285.0
280.0 285.0
280.0 285.0
280.0 285.0
280.0 285.0
286.15384615384613 288.46153846153845
287.6923076923077 288.46153846153845
287.6923076923077 288.46153846153845
290.7692307692308 288.46153846153845
290.7692307692308 288.46153846153845
290.7692307692308 288.46153846153845
290.7692307692308 288.46153846153845
290.7692307692308 288.46153846153845
290.7692307692308 288.46153846153845
290.7692307692308 288.46153846153845
290.7692307692308 288.46153846153845
290.7692307692308 288.46153846153845
283.0769230769231 290.7692307692308
283.0769230769231 290.7692307692308
283.0769230769231 290.7692307692308
283.0769230769231 290.7692307692308
283.0769230769231 290.7692307692308
283.0769230769231 290.7692307692308
283.0769230769231 290.7692307692308
283.0769230769231 290.7692307692308
283.0769230769231 290.7692307692308
283.0769230769231 290.7692307692308
283.0769230769231 290.7692307692308
283.0769230769231 290.7692307692308
283.0769230769231 288.46153846153845
283.0769230769231 288.46153846153845
281.53846153846155 283.84615384615387
281.53846153846155 283.84615384615387
281.53846153846155 283.84615384615387
281.53846153846155 283.84615384615387
281.53846153846155 283.84615384615387
281.53846153846155 283.84615384615387
281.53846153846155 283.84615384615387
281.53846153846155 283.84615384615387
281.53846153846155 271.15384615384613
281.53846153846155 271.15384615384613
283.0769230769231 272.3076923076923
283.0769230769231 272.3076923076923
283.0769230769231 274.61538461538464
283.0769230769231 274.61538461538464
283.0769230769231 274.61538461538464
283.0769230769231 274.61538461538464
283.0769230769231 274.61538461538464
283.0769230769231 274.61538461538464
283.0769230769231 274.61538461538464
295.38461538461536 260.7692307692308
295.38461538461536 260.7692307692308
295.38461538461536 260.7692307692308
295.38461538461536 260.7692307692308
295.38461538461536 260.7692307692308
295.38461538461536 260.7692307692308
293.84615384615387 263.0769230769231
293.84615384615387 263.0769230769231
293.84615384615387 263.0769230769231
293.84615384615387 263.0769230769231
293.84615384615387 263.0769230769231
293.84615384615387 263.0769230769231
281.53846153846155 263.0769230769231
275.38461538461536 260.7692307692308
275.38461538461536 260.7692307692308
275.38461538461536 260.7692307692308
275.38461538461536 260.7692307692308
275.38461538461536 263.0769230769231
306.15384615384613 285.0
326.15384615384613 248.07692307692307
432.3076923076923 146.53846153846155
443.0769230769231 137.30769230769232
444.61538461538464 124.61538461538461
444.61538461538464 124.61538461538461
444.61538461538464 124.61538461538461
444.61538461538464 124.61538461538461
444.61538461538464 124.61538461538461
444.61538461538464 124.61538461538461
444.61538461538464 124.61538461538461
444.61538461538464 124.61538461538461
324.61538461538464 298.84615384615387
326.15384615384613 290.7692307692308
326.15384615384613 260.7692307692308
346.15384615384613 240.0
384.61538461538464 126.92307692307692
384.61538461538464 126.92307692307692
384.61538461538464 126.92307692307692
384.61538461538464 126.92307692307692
280.0 207.69230769230768
313.84615384615387 273.46153846153845
326.15384615384613 256.15384615384613
392.3076923076923 140.76923076923077
392.3076923076923 123.46153846153847
392.3076923076923 123.46153846153847
392.3076923076923 123.46153846153847
392.3076923076923 123.46153846153847
392.3076923076923 123.46153846153847
395.38461538461536 123.46153846153847
358.46153846153845 133.84615384615384
315.38461538461536 163.84615384615384
307.6923076923077 161.53846153846155
266.15384615384613 219.23076923076923
326.15384615384613 290.7692307692308
315.38461538461536 256.15384615384613
278.46153846153845 233.07692307692307
307.6923076923077 165.0
307.6923076923077 167.30769230769232
307.6923076923077 167.30769230769232
307.6923076923077 167.30769230769232
307.6923076923077 168.46153846153845
307.6923076923077 168.46153846153845
307.6923076923077 168.46153846153845
307.6923076923077 168.46153846153845
307.6923076923077 168.46153846153845
307.6923076923077 168.46153846153845
307.6923076923077 168.46153846153845
307.6923076923077 168.46153846153845
306.15384615384613 273.46153846153845
324.61538461538464 302.3076923076923
321.53846153846155 302.3076923076923
298.46153846153845 281.53846153846155
300.0 283.84615384615387
300.0 275.7692307692308
295.38461538461536 274.61538461538464
293.84615384615387 274.61538461538464
293.84615384615387 274.61538461538464
286.15384615384613 274.61538461538464
286.15384615384613 274.61538461538464
286.15384615384613 274.61538461538464
286.15384615384613 274.61538461538464
286.15384615384613 274.61538461538464
286.15384615384613 274.61538461538464
280.0 281.53846153846155
280.0 281.53846153846155
280.0 282.6923076923077
280.0 282.6923076923077
280.0 282.6923076923077
280.0 285.0
280.0 289.61538461538464
280.0 289.61538461538464
280.0 289.61538461538464
280.0 289.61538461538464
280.0 289.61538461538464
280.0 289.61538461538464
280.0 289.61538461538464
280.0 289.61538461538464
284.61538461538464 293.0769230769231
284.61538461538464 293.0769230769231
284.61538461538464 293.0769230769231
284.61538461538464 293.0769230769231
284.61538461538464 293.0769230769231
284.61538461538464 293.0769230769231
287.6923076923077 293.0769230769231
287.6923076923077 293.0769230769231
287.6923076923077 293.0769230769231
287.6923076923077 293.0769230769231
287.6923076923077 293.0769230769231
287.6923076923077 293.0769230769231
287.6923076923077 293.0769230769231
287.6923076923077 293.0769230769231
287.6923076923077 293.0769230769231
287.6923076923077 293.0769230769231
287.6923076923077 293.0769230769231
287.6923076923077 293.0769230769231
287.6923076923077 293.0769230769231
287.6923076923077 293.0769230769231
287.6923076923077 293.0769230769231
287.6923076923077 293.0769230769231
287.6923076923077 293.0769230769231
287.6923076923077 293.0769230769231
287.6923076923077 293.0769230769231
287.6923076923077 293.0769230769231
287.6923076923077 293.0769230769231
287.6923076923077 293.0769230769231
287.6923076923077 293.0769230769231
287.6923076923077 293.0769230769231
287.6923076923077 293.0769230769231
287.6923076923077 293.0769230769231
287.6923076923077 293.0769230769231
283.0769230769231 303.46153846153845
286.15384615384613 313.84615384615387
286.15384615384613 313.84615384615387
286.15384615384613 313.84615384615387
286.15384615384613 313.84615384615387
286.15384615384613 313.84615384615387
286.15384615384613 313.84615384615387
286.15384615384613 313.84615384615387
286.15384615384613 313.84615384615387
286.15384615384613 313.84615384615387
286.15384615384613 313.84615384615387
286.15384615384613 313.84615384615387
286.15384615384613 313.84615384615387
286.15384615384613 313.84615384615387
286.15384615384613 313.84615384615387
286.15384615384613 301.15384615384613
286.15384615384613 301.15384615384613
286.15384615384613 301.15384615384613
286.15384615384613 301.15384615384613
286.15384615384613 301.15384615384613
286.15384615384613 298.84615384615387
286.15384615384613 298.84615384615387
286.15384615384613 298.84615384615387
286.15384615384613 298.84615384615387
286.15384615384613 298.84615384615387
286.15384615384613 298.84615384615387
286.15384615384613 298.84615384615387
286.15384615384613 298.84615384615387
286.15384615384613 298.84615384615387
286.15384615384613 298.84615384615387
286.15384615384613 298.84615384615387
286.15384615384613 298.84615384615387
286.15384615384613 298.84615384615387
286.15384615384613 301.15384615384613
286.15384615384613 301.15384615384613
286.15384615384613 301.15384615384613
286.15384615384613 301.15384615384613
286.15384615384613 301.15384615384613
286.15384615384613 301.15384615384613
292.3076923076923 300.0
292.3076923076923 300.0
292.3076923076923 300.0
290.7692307692308 298.84615384615387
290.7692307692308 298.84615384615387
290.7692307692308 298.84615384615387
290.7692307692308 297.6923076923077
306.15384615384613 288.46153846153845
306.15384615384613 288.46153846153845
306.15384615384613 288.46153846153845
306.15384615384613 288.46153846153845
306.15384615384613 288.46153846153845
306.15384615384613 288.46153846153845
306.15384615384613 288.46153846153845
306.15384615384613 288.46153846153845
306.15384615384613 288.46153846153845
306.15384615384613 288.46153846153845
306.15384615384613 288.46153846153845
301.53846153846155 283.84615384615387
300.0 293.0769230769231
284.61538461538464 327.6923076923077
284.61538461538464 327.6923076923077
284.61538461538464 327.6923076923077
284.61538461538464 327.6923076923077
284.61538461538464 327.6923076923077
287.6923076923077 319.61538461538464
287.6923076923077 319.61538461538464
287.6923076923077 319.61538461538464
287.6923076923077 319.61538461538464
287.6923076923077 318.46153846153845
287.6923076923077 318.46153846153845
287.6923076923077 318.46153846153845
287.6923076923077 318.46153846153845
287.6923076923077 318.46153846153845
287.6923076923077 318.46153846153845
287.6923076923077 318.46153846153845
287.6923076923077 318.46153846153845
287.6923076923077 318.46153846153845
287.6923076923077 318.46153846153845
287.6923076923077 318.46153846153845
287.6923076923077 318.46153846153845
287.6923076923077 318.46153846153845
287.6923076923077 318.46153846153845
287.6923076923077 318.46153846153845
287.6923076923077 323.0769230769231
287.6923076923077 304.61538461538464
284.61538461538464 290.7692307692308
284.61538461538464 290.7692307692308
281.53846153846155 288.46153846153845
281.53846153846155 288.46153846153845
281.53846153846155 288.46153846153845
281.53846153846155 288.46153846153845
281.53846153846155 288.46153846153845
249.23076923076923 355.38461538461536
261.53846153846155 372.6923076923077
281.53846153846155 288.46153846153845
281.53846153846155 288.46153846153845
281.53846153846155 288.46153846153845
281.53846153846155 288.46153846153845
281.53846153846155 288.46153846153845
281.53846153846155 288.46153846153845
283.0769230769231 290.7692307692308
283.0769230769231 290.7692307692308
283.0769230769231 290.7692307692308
283.0769230769231 290.7692307692308
283.0769230769231 293.0769230769231
286.15384615384613 298.84615384615387
286.15384615384613 298.84615384615387
286.15384615384613 298.84615384615387
286.15384615384613 298.84615384615387
286.15384615384613 298.84615384615387
286.15384615384613 300.0
286.15384615384613 300.0
287.6923076923077 302.3076923076923
287.6923076923077 302.3076923076923
287.6923076923077 302.3076923076923
287.6923076923077 302.3076923076923
287.6923076923077 302.3076923076923
287.6923076923077 302.3076923076923
287.6923076923077 302.3076923076923
287.6923076923077 302.3076923076923
