292.3076923076923 287.3076923076923 1
292.3076923076923 287.3076923076923 1
292.3076923076923 287.3076923076923 1
292.3076923076923 287.3076923076923 1
292.3076923076923 287.3076923076923 1
292.3076923076923 287.3076923076923 1
292.3076923076923 287.3076923076923 1
292.3076923076923 287.3076923076923 1
292.3076923076923 287.3076923076923 1
292.3076923076923 287.3076923076923 1
292.3076923076923 287.3076923076923 1
295.38461538461536 279.23076923076917 1
321.53846153846155 279.23076923076917 1
270.76923076923083 341.53846153846155 0
284.61538461538464 338.07692307692315 0
306.15384615384613 338.07692307692315 0
330.76923076923083 350.76923076923083 0
326.15384615384613 348.46153846153845 0
333.84615384615387 345.0 0
333.84615384615387 342.6923076923077 0
346.15384615384613 338.07692307692315 0
340.0 332.3076923076923 0
333.84615384615387 323.07692307692315 0
326.15384615384613 308.07692307692315 0
321.53846153846155 302.3076923076923 0
326.15384615384613 300.0 0
320.0 293.07692307692315 0
323.07692307692315 298.84615384615387 0
326.15384615384613 298.84615384615387 0
323.07692307692315 293.07692307692315 0
321.53846153846155 293.07692307692315 0
321.53846153846155 290.76923076923083 0
306.15384615384613 287.3076923076923 0
315.38461538461536 293.07692307692315 0
320.0 302.3076923076923 0
321.53846153846155 303.46153846153845 0
315.38461538461536 290.76923076923083 0
303.07692307692315 290.76923076923083 0
283.07692307692315 274.61538461538464 1
263.0769230769231 304.61538461538464 1
270.76923076923083 318.46153846153845 1
275.38461538461536 327.6923076923077 1
275.38461538461536 327.6923076923077 1
275.38461538461536 323.07692307692315 1
275.38461538461536 323.07692307692315 1
249.23076923076923 326.53846153846155 1
290.76923076923083 326.53846153846155 0
346.15384615384613 356.53846153846155 0
366.1538461538461 365.76923076923083 0
378.46153846153845 368.07692307692315 0
384.6153846153846 375.0 0
361.5384615384616 353.07692307692315 0
290.76923076923083 319.61538461538464 0
306.15384615384613 273.46153846153845 1
306.15384615384613 273.46153846153845 1
306.15384615384613 273.46153846153845 1
306.15384615384613 273.46153846153845 1
306.15384615384613 273.46153846153845 1
306.15384615384613 273.46153846153845 1
306.15384615384613 273.46153846153845 1
306.15384615384613 275.76923076923083 1
306.15384615384613 275.76923076923083 1
306.15384615384613 275.76923076923083 1
286.15384615384613 282.6923076923077 1
287.6923076923077 285.0 1
287.6923076923077 285.0 1
287.6923076923077 285.0 1
287.6923076923077 285.0 1
287.6923076923077 285.0 1
287.6923076923077 285.0 1
287.6923076923077 285.0 1
287.6923076923077 285.0 1
287.6923076923077 285.0 0
338.46153846153845 326.53846153846155 0
333.84615384615387 327.6923076923077 0
304.61538461538464 316.15384615384613 0
286.15384615384613 298.84615384615387 0
304.61538461538464 298.84615384615387 0
301.53846153846155 302.3076923076923 0
300.0 303.46153846153845 0
292.3076923076923 304.61538461538464 0
295.38461538461536 305.76923076923083 0
292.3076923076923 304.61538461538464 0
293.84615384615387 303.46153846153845 0
292.3076923076923 302.3076923076923 0
298.46153846153845 305.76923076923083 0
295.38461538461536 302.3076923076923 0
306.15384615384613 301.15384615384613 0
306.15384615384613 296.53846153846155 0
300.0 293.07692307692315 0
301.53846153846155 287.3076923076923 0
306.15384615384613 281.53846153846155 0
310.76923076923083 278.0769230769231 0
310.76923076923083 274.61538461538464 0
312.3076923076923 266.53846153846155 0
315.38461538461536 260.76923076923083 0
323.07692307692315 252.6923076923077 0
312.3076923076923 192.6923076923077 1
315.38461538461536 191.53846153846158 1
315.38461538461536 191.53846153846158 1
315.38461538461536 191.53846153846158 1
321.53846153846155 177.6923076923077 1
321.53846153846155 165.0 1
306.15384615384613 152.30769230769232 1
306.15384615384613 153.46153846153842 1
306.15384615384613 153.46153846153842 1
306.15384615384613 153.46153846153842 1
306.15384615384613 153.46153846153842 1
306.15384615384613 153.46153846153842 1
306.15384615384613 153.46153846153842 1
306.15384615384613 153.46153846153842 1
306.15384615384613 153.46153846153842 1
306.15384615384613 153.46153846153842 1
306.15384615384613 153.46153846153842 0
272.3076923076923 230.7692307692308 0
272.3076923076923 230.7692307692308 0
312.3076923076923 236.53846153846158 0
292.3076923076923 248.0769230769231 0
275.38461538461536 251.53846153846158 1
267.6923076923077 255.0 1
267.6923076923077 255.0 1
267.6923076923077 255.0 1
249.23076923076923 251.53846153846158 0
326.15384615384613 338.07692307692315 0
346.15384615384613 362.3076923076923 0
353.84615384615387 360.0 0
353.84615384615387 363.46153846153845 0
353.84615384615387 365.76923076923083 0
352.3076923076923 365.76923076923083 0
353.84615384615387 365.76923076923083 0
355.3846153846154 365.76923076923083 0
353.84615384615387 365.76923076923083 0
346.15384615384613 364.6153846153846 0
352.3076923076923 360.0 0
343.07692307692315 348.46153846153845 0
333.84615384615387 332.3076923076923 0
332.3076923076923 327.6923076923077 0
321.53846153846155 308.07692307692315 0
301.53846153846155 297.6923076923077 0
306.15384615384613 296.53846153846155 0
306.15384615384613 293.07692307692315 0
306.15384615384613 290.76923076923083 0
306.15384615384613 290.76923076923083 0
312.3076923076923 290.76923076923083 0
306.15384615384613 293.07692307692315 0
312.3076923076923 293.07692307692315 0
313.84615384615387 297.6923076923077 0
312.3076923076923 296.53846153846155 0
312.3076923076923 297.6923076923077 0
310.76923076923083 298.84615384615387 0
310.76923076923083 298.84615384615387 0
310.76923076923083 300.0 0
306.15384615384613 300.0 0
306.15384615384613 301.15384615384613 0
306.15384615384613 301.15384615384613 0
306.15384615384613 302.3076923076923 0
306.15384615384613 302.3076923076923 0
306.15384615384613 302.3076923076923 0
306.15384615384613 304.61538461538464 0
304.61538461538464 304.61538461538464 0
304.61538461538464 305.76923076923083 0
304.61538461538464 304.61538461538464 0
304.61538461538464 305.76923076923083 0
303.07692307692315 305.76923076923083 0
306.15384615384613 308.07692307692315 0
303.07692307692315 308.07692307692315 0
304.61538461538464 308.07692307692315 0
301.53846153846155 308.07692307692315 0
300.0 308.07692307692315 0
300.0 308.07692307692315 0
300.0 308.07692307692315 0
300.0 308.07692307692315 0
304.61538461538464 308.07692307692315 0
306.15384615384613 300.0 0
306.15384615384613 293.07692307692315 0
306.15384615384613 296.53846153846155 0
310.76923076923083 300.0 0
313.84615384615387 298.84615384615387 0
315.38461538461536 283.84615384615387 0
324.61538461538464 272.3076923076923 0
344.6153846153846 260.76923076923083 0
380.0 175.38461538461542 1
378.46153846153845 175.38461538461542 1
375.3846153846154 177.6923076923077 1
372.3076923076923 178.84615384615384 1
378.46153846153845 183.46153846153842 1
390.76923076923083 158.0769230769231 1
401.5384615384616 144.23076923076925 1
398.46153846153845 152.30769230769232 1
398.46153846153845 152.30769230769232 1
398.46153846153845 152.30769230769232 1
398.46153846153845 152.30769230769232 1
398.46153846153845 152.30769230769232 1
398.46153846153845 152.30769230769232 1
398.46153846153845 152.30769230769232 1
398.46153846153845 152.30769230769232 1
398.46153846153845 152.30769230769232 1
407.6923076923077 146.53846153846158 1
432.3076923076923 138.46153846153842 1
432.3076923076923 138.46153846153842 1
432.3076923076923 138.46153846153842 1
432.3076923076923 138.46153846153842 1
432.3076923076923 138.46153846153842 0
304.61538461538464 323.07692307692315 0
301.53846153846155 328.84615384615387 0
315.38461538461536 278.0769230769231 0
324.61538461538464 260.76923076923083 0
387.6923076923077 131.53846153846158 1
386.1538461538461 124.6153846153846 1
386.1538461538461 124.6153846153846 1
386.1538461538461 124.6153846153846 1
386.1538461538461 124.6153846153846 1
386.1538461538461 124.6153846153846 1
386.1538461538461 124.6153846153846 1
387.6923076923077 124.6153846153846 1
387.6923076923077 124.6153846153846 1
398.46153846153845 133.84615384615384 1
415.3846153846154 143.0769230769231 1
415.3846153846154 143.0769230769231 1
415.3846153846154 143.0769230769231 1
415.3846153846154 143.0769230769231 1
415.3846153846154 143.0769230769231 1
415.3846153846154 143.0769230769231 1
415.3846153846154 143.0769230769231 1
415.3846153846154 143.0769230769231 1
412.3076923076923 143.0769230769231 1
412.3076923076923 143.0769230769231 1
412.3076923076923 143.0769230769231 1
412.3076923076923 143.0769230769231 1
412.3076923076923 143.0769230769231 1
412.3076923076923 143.0769230769231 0
315.38461538461536 323.07692307692315 0
315.38461538461536 263.0769230769231 0
315.38461538461536 263.0769230769231 0
324.61538461538464 240.0 0
400.0 152.30769230769232 1
400.0 152.30769230769232 1
401.5384615384616 153.46153846153842 1
401.5384615384616 153.46153846153842 1
401.5384615384616 153.46153846153842 1
401.5384615384616 153.46153846153842 1
401.5384615384616 153.46153846153842 1
401.5384615384616 153.46153846153842 1
401.5384615384616 153.46153846153842 1
401.5384615384616 153.46153846153842 1
401.5384615384616 153.46153846153842 1
401.5384615384616 153.46153846153842 1
401.5384615384616 153.46153846153842 1
306.15384615384613 255.0 0
306.15384615384613 335.76923076923083 0
332.3076923076923 304.61538461538464 0
312.3076923076923 240.0 0
401.5384615384616 154.61538461538458 1
401.5384615384616 154.61538461538458 1
401.5384615384616 154.61538461538458 1
401.5384615384616 154.61538461538458 1
401.5384615384616 155.76923076923075 1
401.5384615384616 155.76923076923075 1
401.5384615384616 158.0769230769231 1
275.38461538461536 212.3076923076923 0
312.3076923076923 338.07692307692315 0
306.15384615384613 338.07692307692315 0
326.15384615384613 293.07692307692315 0
313.84615384615387 237.6923076923077 0
404.6153846153846 163.84615384615384 1
404.6153846153846 163.84615384615384 1
404.6153846153846 163.84615384615384 1
404.6153846153846 163.84615384615384 1
407.6923076923077 167.30769230769232 1
407.6923076923077 167.30769230769232 1
407.6923076923077 167.30769230769232 1
407.6923076923077 167.30769230769232 1
407.6923076923077 167.30769230769232 1
295.38461538461536 300.0 0
310.76923076923083 348.46153846153845 0
315.38461538461536 318.46153846153845 0
324.61538461538464 251.53846153846158 0
404.6153846153846 181.15384615384616 1
404.6153846153846 181.15384615384616 1
403.07692307692315 181.15384615384616 1
403.07692307692315 181.15384615384616 1
403.07692307692315 181.15384615384616 1
403.07692307692315 181.15384615384616 1
403.07692307692315 181.15384615384616 1
403.07692307692315 181.15384615384616 1
407.6923076923077 189.23076923076923 1
432.3076923076923 225.0 1
441.5384615384616 243.46153846153842 1
435.3846153846154 244.61538461538458 1
435.3846153846154 244.61538461538458 1
435.3846153846154 248.0769230769231 1
435.3846153846154 248.0769230769231 1
435.3846153846154 248.0769230769231 1
435.3846153846154 248.0769230769231 1
332.3076923076923 363.46153846153845 0
344.6153846153846 377.3076923076923 0
333.84615384615387 372.6923076923077 0
333.84615384615387 338.07692307692315 0
346.15384615384613 308.07692307692315 0
487.6923076923077 241.15384615384616 1
492.3076923076923 242.3076923076923 1
492.3076923076923 242.3076923076923 1
492.3076923076923 242.3076923076923 1
492.3076923076923 242.3076923076923 1
492.3076923076923 242.3076923076923 1
492.3076923076923 242.3076923076923 1
492.3076923076923 242.3076923076923 1
490.76923076923083 242.3076923076923 1
489.23076923076917 242.3076923076923 1
489.23076923076917 242.3076923076923 1
469.23076923076917 242.3076923076923 1
438.46153846153845 242.3076923076923 1
364.6153846153846 259.61538461538464 1
300.0 268.84615384615387 1
266.15384615384613 279.23076923076917 1
266.15384615384613 279.23076923076917 1
266.15384615384613 279.23076923076917 1
266.15384615384613 279.23076923076917 1
266.15384615384613 279.23076923076917 1
266.15384615384613 279.23076923076917 1
266.15384615384613 279.23076923076917 1
266.15384615384613 279.23076923076917 1
266.15384615384613 279.23076923076917 1
266.15384615384613 282.6923076923077 1
267.6923076923077 282.6923076923077 1
267.6923076923077 282.6923076923077 1
272.3076923076923 282.6923076923077 1
272.3076923076923 282.6923076923077 1
272.3076923076923 282.6923076923077 1
272.3076923076923 282.6923076923077 1
275.38461538461536 282.6923076923077 1
275.38461538461536 282.6923076923077 1
275.38461538461536 282.6923076923077 1
275.38461538461536 285.0 1
275.38461538461536 285.0 1
275.38461538461536 285.0 1
275.38461538461536 285.0 1
275.38461538461536 285.0 1
275.38461538461536 285.0 1
275.38461538461536 285.0 1
275.38461538461536 285.0 1
275.38461538461536 285.0 1
275.38461538461536 285.0 1
275.38461538461536 285.0 1
280.0 285.0 1
280.0 285.0 1
280.0 285.0 1
280.0 285.0 1
280.0 285.0 1
280.0 285.0 1
286.15384615384613 288.46153846153845 1
287.6923076923077 288.46153846153845 1
287.6923076923077 288.46153846153845 1
290.76923076923083 288.46153846153845 1
290.76923076923083 288.46153846153845 1
290.76923076923083 288.46153846153845 1
290.76923076923083 288.46153846153845 1
290.76923076923083 288.46153846153845 1
290.76923076923083 288.46153846153845 1
290.76923076923083 288.46153846153845 1
290.76923076923083 288.46153846153845 1
290.76923076923083 288.46153846153845 1
283.07692307692315 290.76923076923083 1
283.07692307692315 290.76923076923083 1
283.07692307692315 290.76923076923083 1
283.07692307692315 290.76923076923083 1
283.07692307692315 290.76923076923083 1
283.07692307692315 290.76923076923083 1
283.07692307692315 290.76923076923083 1
283.07692307692315 290.76923076923083 1
283.07692307692315 290.76923076923083 1
283.07692307692315 290.76923076923083 1
283.07692307692315 290.76923076923083 1
283.07692307692315 290.76923076923083 1
283.07692307692315 288.46153846153845 1
283.07692307692315 288.46153846153845 1
281.53846153846155 283.84615384615387 1
281.53846153846155 283.84615384615387 1
281.53846153846155 283.84615384615387 1
281.53846153846155 283.84615384615387 1
281.53846153846155 283.84615384615387 1
281.53846153846155 283.84615384615387 1
281.53846153846155 283.84615384615387 1
281.53846153846155 283.84615384615387 1
281.53846153846155 271.15384615384613 1
281.53846153846155 271.15384615384613 1
283.07692307692315 272.3076923076923 1
283.07692307692315 272.3076923076923 1
283.07692307692315 274.61538461538464 1
283.07692307692315 274.61538461538464 1
283.07692307692315 274.61538461538464 1
283.07692307692315 274.61538461538464 1
283.07692307692315 274.61538461538464 1
283.07692307692315 274.61538461538464 1
283.07692307692315 274.61538461538464 1
295.38461538461536 260.76923076923083 1
295.38461538461536 260.76923076923083 1
295.38461538461536 260.76923076923083 1
295.38461538461536 260.76923076923083 1
295.38461538461536 260.76923076923083 1
295.38461538461536 260.76923076923083 1
293.84615384615387 263.0769230769231 1
293.84615384615387 263.0769230769231 1
293.84615384615387 263.0769230769231 1
293.84615384615387 263.0769230769231 1
293.84615384615387 263.0769230769231 1
293.84615384615387 263.0769230769231 1
281.53846153846155 263.0769230769231 1
275.38461538461536 260.76923076923083 1
275.38461538461536 260.76923076923083 1
275.38461538461536 260.76923076923083 1
275.38461538461536 260.76923076923083 1
275.38461538461536 263.0769230769231 0
306.15384615384613 285.0 0
326.15384615384613 248.0769230769231 0
432.3076923076923 146.53846153846158 0
443.07692307692315 137.30769230769232 1
444.6153846153846 124.6153846153846 1
444.6153846153846 124.6153846153846 1
444.6153846153846 124.6153846153846 1
444.6153846153846 124.6153846153846 1
444.6153846153846 124.6153846153846 1
444.6153846153846 124.6153846153846 1
444.6153846153846 124.6153846153846 1
444.6153846153846 124.6153846153846 0
324.61538461538464 298.84615384615387 0
326.15384615384613 290.76923076923083 0
326.15384615384613 260.76923076923083 0
346.15384615384613 240.0 0
384.6153846153846 126.92307692307692 1
384.6153846153846 126.92307692307692 1
384.6153846153846 126.92307692307692 1
384.6153846153846 126.92307692307692 1
280.0 207.6923076923077 0
313.84615384615387 273.46153846153845 0
326.15384615384613 256.15384615384613 0
392.3076923076923 140.76923076923075 0
392.3076923076923 123.46153846153848 1
392.3076923076923 123.46153846153848 1
392.3076923076923 123.46153846153848 1
392.3076923076923 123.46153846153848 1
392.3076923076923 123.46153846153848 1
395.3846153846154 123.46153846153848 1
358.46153846153845 133.84615384615384 1
315.38461538461536 163.84615384615384 1
307.6923076923077 161.53846153846158 1
266.15384615384613 219.23076923076923 0
326.15384615384613 290.76923076923083 0
315.38461538461536 256.15384615384613 0
278.46153846153845 233.0769230769231 0
307.6923076923077 165.0 1
307.6923076923077 167.30769230769232 1
307.6923076923077 167.30769230769232 1
307.6923076923077 167.30769230769232 1
307.6923076923077 168.46153846153842 1
307.6923076923077 168.46153846153842 1
307.6923076923077 168.46153846153842 1
307.6923076923077 168.46153846153842 1
307.6923076923077 168.46153846153842 1
307.6923076923077 168.46153846153842 1
307.6923076923077 168.46153846153842 1
307.6923076923077 168.46153846153842 1
306.15384615384613 273.46153846153845 0
324.61538461538464 302.3076923076923 0
321.53846153846155 302.3076923076923 0
298.46153846153845 281.53846153846155 0
300.0 283.84615384615387 0
300.0 275.76923076923083 1
295.38461538461536 274.61538461538464 1
293.84615384615387 274.61538461538464 1
293.84615384615387 274.61538461538464 1
286.15384615384613 274.61538461538464 1
286.15384615384613 274.61538461538464 1
286.15384615384613 274.61538461538464 1
286.15384615384613 274.61538461538464 1
286.15384615384613 274.61538461538464 1
286.15384615384613 274.61538461538464 1
280.0 281.53846153846155 1
280.0 281.53846153846155 1
280.0 282.6923076923077 1
280.0 282.6923076923077 1
280.0 282.6923076923077 1
280.0 285.0 1
280.0 289.61538461538464 1
280.0 289.61538461538464 1
280.0 289.61538461538464 1
280.0 289.61538461538464 1
280.0 289.61538461538464 1
280.0 289.61538461538464 1
280.0 289.61538461538464 1
280.0 289.61538461538464 1
284.61538461538464 293.07692307692315 1
284.61538461538464 293.07692307692315 1
284.61538461538464 293.07692307692315 1
284.61538461538464 293.07692307692315 1
284.61538461538464 293.07692307692315 1
284.61538461538464 293.07692307692315 1
287.6923076923077 293.07692307692315 1
287.6923076923077 293.07692307692315 1
287.6923076923077 293.07692307692315 1
287.6923076923077 293.07692307692315 1
287.6923076923077 293.07692307692315 1
287.6923076923077 293.07692307692315 1
287.6923076923077 293.07692307692315 1
287.6923076923077 293.07692307692315 1
287.6923076923077 293.07692307692315 1
287.6923076923077 293.07692307692315 1
287.6923076923077 293.07692307692315 1
287.6923076923077 293.07692307692315 1
287.6923076923077 293.07692307692315 1
287.6923076923077 293.07692307692315 1
287.6923076923077 293.07692307692315 1
287.6923076923077 293.07692307692315 1
287.6923076923077 293.07692307692315 1
287.6923076923077 293.07692307692315 1
287.6923076923077 293.07692307692315 1
287.6923076923077 293.07692307692315 1
287.6923076923077 293.07692307692315 1
287.6923076923077 293.07692307692315 1
287.6923076923077 293.07692307692315 1
287.6923076923077 293.07692307692315 1
287.6923076923077 293.07692307692315 1
287.6923076923077 293.07692307692315 1
287.6923076923077 293.07692307692315 1
283.07692307692315 303.46153846153845 1
286.15384615384613 313.84615384615387 1
286.15384615384613 313.84615384615387 1
286.15384615384613 313.84615384615387 1
286.15384615384613 313.84615384615387 1
286.15384615384613 313.84615384615387 1
286.15384615384613 313.84615384615387 1
286.15384615384613 313.84615384615387 1
286.15384615384613 313.84615384615387 1
286.15384615384613 313.84615384615387 1
286.15384615384613 313.84615384615387 1
286.15384615384613 313.84615384615387 1
286.15384615384613 313.84615384615387 1
286.15384615384613 313.84615384615387 1
286.15384615384613 313.84615384615387 1
286.15384615384613 301.15384615384613 1
286.15384615384613 301.15384615384613 1
286.15384615384613 301.15384615384613 1
286.15384615384613 301.15384615384613 1
286.15384615384613 301.15384615384613 1
286.15384615384613 298.84615384615387 1
286.15384615384613 298.84615384615387 1
286.15384615384613 298.84615384615387 1
286.15384615384613 298.84615384615387 1
286.15384615384613 298.84615384615387 1
286.15384615384613 298.84615384615387 1
286.15384615384613 298.84615384615387 1
286.15384615384613 298.84615384615387 1
286.15384615384613 298.84615384615387 1
286.15384615384613 298.84615384615387 1
286.15384615384613 298.84615384615387 1
286.15384615384613 298.84615384615387 1
286.15384615384613 298.84615384615387 1
286.15384615384613 301.15384615384613 1
286.15384615384613 301.15384615384613 1
286.15384615384613 301.15384615384613 1
286.15384615384613 301.15384615384613 1
286.15384615384613 301.15384615384613 1
286.15384615384613 301.15384615384613 1
292.3076923076923 300.0 1
292.3076923076923 300.0 1
292.3076923076923 300.0 1
290.76923076923083 298.84615384615387 1
290.76923076923083 298.84615384615387 1
290.76923076923083 298.84615384615387 1
290.76923076923083 297.6923076923077 1
306.15384615384613 288.46153846153845 1
306.15384615384613 288.46153846153845 1
306.15384615384613 288.46153846153845 1
306.15384615384613 288.46153846153845 1
306.15384615384613 288.46153846153845 1
306.15384615384613 288.46153846153845 1
306.15384615384613 288.46153846153845 1
306.15384615384613 288.46153846153845 1
306.15384615384613 288.46153846153845 1
306.15384615384613 288.46153846153845 1
306.15384615384613 288.46153846153845 1
301.53846153846155 283.84615384615387 1
300.0 293.07692307692315 1
284.61538461538464 327.6923076923077 1
284.61538461538464 327.6923076923077 1
284.61538461538464 327.6923076923077 1
284.61538461538464 327.6923076923077 1
284.61538461538464 327.6923076923077 1
287.6923076923077 319.61538461538464 1
287.6923076923077 319.61538461538464 1
287.6923076923077 319.61538461538464 1
287.6923076923077 319.61538461538464 1
287.6923076923077 318.46153846153845 1
287.6923076923077 318.46153846153845 1
287.6923076923077 318.46153846153845 1
287.6923076923077 318.46153846153845 1
287.6923076923077 318.46153846153845 1
287.6923076923077 318.46153846153845 1
287.6923076923077 318.46153846153845 1
287.6923076923077 318.46153846153845 1
287.6923076923077 318.46153846153845 1
287.6923076923077 318.46153846153845 1
287.6923076923077 318.46153846153845 1
287.6923076923077 318.46153846153845 1
287.6923076923077 318.46153846153845 1
287.6923076923077 318.46153846153845 1
287.6923076923077 318.46153846153845 1
287.6923076923077 323.07692307692315 1
287.6923076923077 304.61538461538464 1
284.61538461538464 290.76923076923083 1
284.61538461538464 290.76923076923083 1
281.53846153846155 288.46153846153845 1
281.53846153846155 288.46153846153845 1
281.53846153846155 288.46153846153845 1
281.53846153846155 288.46153846153845 1
281.53846153846155 288.46153846153845 1
249.23076923076923 355.3846153846154 0
261.53846153846155 372.6923076923077 0
281.53846153846155 288.46153846153845 0
281.53846153846155 288.46153846153845 1
281.53846153846155 288.46153846153845 1
281.53846153846155 288.46153846153845 1
281.53846153846155 288.46153846153845 1
281.53846153846155 288.46153846153845 1
283.07692307692315 290.76923076923083 1
283.07692307692315 290.76923076923083 1
283.07692307692315 290.76923076923083 1
283.07692307692315 290.76923076923083 1
283.07692307692315 293.07692307692315 1
286.15384615384613 298.84615384615387 1
286.15384615384613 298.84615384615387 1
286.15384615384613 298.84615384615387 1
286.15384615384613 298.84615384615387 1
286.15384615384613 298.84615384615387 1
286.15384615384613 300.0 1
286.15384615384613 300.0 1
287.6923076923077 302.3076923076923 1
287.6923076923077 302.3076923076923 1
287.6923076923077 302.3076923076923 1
287.6923076923077 302.3076923076923 1
287.6923076923077 302.3076923076923 1
287.6923076923077 302.3076923076923 1
287.6923076923077 302.3076923076923 1
287.6923076923077 302.3076923076923 1
