401.53846153846155 130.3846153846154
401.53846153846155 130.3846153846154
395.38461538461536 129.23076923076923
395.38461538461536 128.07692307692307
395.38461538461536 128.07692307692307
395.38461538461536 128.07692307692307
395.38461538461536 128.07692307692307
395.38461538461536 128.07692307692307
395.38461538461536 128.07692307692307
395.38461538461536 128.07692307692307
395.38461538461536 128.07692307692307
395.38461538461536 128.07692307692307
395.38461538461536 128.07692307692307
395.38461538461536 126.92307692307692
395.38461538461536 126.92307692307692
401.53846153846155 123.46153846153847
401.53846153846155 123.46153846153847
401.53846153846155 123.46153846153847
403.0769230769231 123.46153846153847
387.6923076923077 123.46153846153847
363.0769230769231 130.3846153846154
361.53846153846155 129.23076923076923
361.53846153846155 124.61538461538461
361.53846153846155 124.61538461538461
384.61538461538464 123.46153846153847
409.2307692307692 120.0
404.61538461538464 118.84615384615384
400.0 114.23076923076923
400.0 114.23076923076923
400.0 114.23076923076923
400.0 114.23076923076923
400.0 114.23076923076923
400.0 117.6923076923077
398.46153846153845 117.6923076923077
398.46153846153845 117.6923076923077
398.46153846153845 117.6923076923077
395.38461538461536 118.84615384615384
395.38461538461536 118.84615384615384
392.3076923076923 123.46153846153847
352.3076923076923 165.0
312.3076923076923 212.30769230769232
295.38461538461536 257.3076923076923
286.15384615384613 258.46153846153845
286.15384615384613 258.46153846153845
286.15384615384613 258.46153846153845
286.15384615384613 258.46153846153845
286.15384615384613 258.46153846153845
292.3076923076923 263.0769230769231
295.38461538461536 275.7692307692308
295.38461538461536 281.53846153846155
295.38461538461536 281.53846153846155
295.38461538461536 281.53846153846155
295.38461538461536 281.53846153846155
295.38461538461536 281.53846153846155
295.38461538461536 281.53846153846155
295.38461538461536 281.53846153846155
295.38461538461536 281.53846153846155
295.38461538461536 281.53846153846155
286.15384615384613 297.6923076923077
286.15384615384613 302.3076923076923
290.7692307692308 302.3076923076923
290.7692307692308 302.3076923076923
290.7692307692308 302.3076923076923
290.7692307692308 302.3076923076923
290.7692307692308 302.3076923076923
290.7692307692308 302.3076923076923
303.0769230769231 290.7692307692308
303.0769230769231 289.61538461538464
320.0 228.46153846153845
352.3076923076923 181.15384615384616
384.61538461538464 137.30769230769232
400.0 117.6923076923077
400.0 114.23076923076923
395.38461538461536 114.23076923076923
395.38461538461536 114.23076923076923
395.38461538461536 114.23076923076923
395.38461538461536 114.23076923076923
395.38461538461536 114.23076923076923
418.46153846153845 114.23076923076923
432.3076923076923 117.6923076923077
430.7692307692308 115.38461538461539
430.7692307692308 115.38461538461539
430.7692307692308 115.38461538461539
430.7692307692308 115.38461538461539
455.38461538461536 117.6923076923077
463.0769230769231 122.3076923076923
463.0769230769231 124.61538461538461
463.0769230769231 123.46153846153847
458.46153846153845 122.3076923076923
487.6923076923077 137.30769230769232
504.61538461538464 144.23076923076923
500.0 148.84615384615384
500.0 146.53846153846155
495.38461538461536 146.53846153846155
495.38461538461536 146.53846153846155
509.2307692307692 146.53846153846155
518.4615384615385 152.30769230769232
509.2307692307692 146.53846153846155
509.2307692307692 146.53846153846155
509.2307692307692 146.53846153846155
509.2307692307692 146.53846153846155
504.61538461538464 146.53846153846155
504.61538461538464 146.53846153846155
504.61538461538464 146.53846153846155
504.61538461538464 146.53846153846155
504.61538461538464 146.53846153846155
507.6923076923077 145.3846153846154
509.2307692307692 143.07692307692307
510.7692307692308 140.76923076923077
510.7692307692308 140.76923076923077
510.7692307692308 140.76923076923077
510.7692307692308 140.76923076923077
510.7692307692308 140.76923076923077
510.7692307692308 140.76923076923077
510.7692307692308 140.76923076923077
507.6923076923077 143.07692307692307
495.38461538461536 131.53846153846155
480.0 130.3846153846154
481.53846153846155 128.07692307692307
483.0769230769231 130.3846153846154
483.0769230769231 130.3846153846154
483.0769230769231 130.3846153846154
483.0769230769231 130.3846153846154
484.61538461538464 131.53846153846155
444.61538461538464 114.23076923076923
440.0 113.07692307692308
440.0 111.92307692307692
440.0 111.92307692307692
440.0 106.15384615384616
444.61538461538464 108.46153846153847
475.38461538461536 117.6923076923077
492.3076923076923 126.92307692307692
490.7692307692308 124.61538461538461
490.7692307692308 124.61538461538461
490.7692307692308 126.92307692307692
492.3076923076923 126.92307692307692
492.3076923076923 126.92307692307692
490.7692307692308 128.07692307692307
490.7692307692308 128.07692307692307
489.2307692307692 126.92307692307692
469.2307692307692 120.0
444.61538461538464 106.15384615384616
435.38461538461536 103.84615384615384
449.2307692307692 106.15384615384616
447.6923076923077 105.0
444.61538461538464 106.15384615384616
443.0769230769231 103.84615384615384
401.53846153846155 93.46153846153847
398.46153846153845 91.15384615384616
395.38461538461536 95.76923076923077
395.38461538461536 95.76923076923077
395.38461538461536 95.76923076923077
395.38461538461536 95.76923076923077
395.38461538461536 95.76923076923077
383.0769230769231 91.15384615384616
353.84615384615387 90.0
353.84615384615387 88.84615384615384
353.84615384615387 88.84615384615384
355.38461538461536 87.6923076923077
360.0 84.23076923076923
323.0769230769231 88.84615384615384
315.38461538461536 88.84615384615384
315.38461538461536 90.0
315.38461538461536 90.0
326.15384615384613 93.46153846153847
326.15384615384613 93.46153846153847
327.6923076923077 93.46153846153847
327.6923076923077 93.46153846153847
332.3076923076923 93.46153846153847
324.61538461538464 113.07692307692308
321.53846153846155 123.46153846153847
320.0 126.92307692307692
320.0 126.92307692307692
315.38461538461536 128.07692307692307
318.46153846153845 126.92307692307692
333.84615384615387 108.46153846153847
330.7692307692308 111.92307692307692
330.7692307692308 113.07692307692308
330.7692307692308 113.07692307692308
326.15384615384613 100.38461538461539
324.61538461538464 100.38461538461539
324.61538461538464 100.38461538461539
324.61538461538464 100.38461538461539
324.61538461538464 100.38461538461539
332.3076923076923 100.38461538461539
370.7692307692308 100.38461538461539
372.3076923076923 100.38461538461539
372.3076923076923 100.38461538461539
372.3076923076923 100.38461538461539
372.3076923076923 100.38461538461539
372.3076923076923 100.38461538461539
372.3076923076923 100.38461538461539
372.3076923076923 100.38461538461539
364.61538461538464 100.38461538461539
355.38461538461536 100.38461538461539
355.38461538461536 100.38461538461539
355.38461538461536 100.38461538461539
355.38461538461536 100.38461538461539
355.38461538461536 100.38461538461539
355.38461538461536 100.38461538461539
355.38461538461536 100.38461538461539
350.7692307692308 102.6923076923077
347.6923076923077 103.84615384615384
347.6923076923077 103.84615384615384
347.6923076923077 103.84615384615384
347.6923076923077 103.84615384615384
347.6923076923077 103.84615384615384
352.3076923076923 103.84615384615384
353.84615384615387 103.84615384615384
353.84615384615387 103.84615384615384
353.84615384615387 103.84615384615384
353.84615384615387 103.84615384615384
353.84615384615387 103.84615384615384
353.84615384615387 103.84615384615384
353.84615384615387 103.84615384615384
353.84615384615387 105.0
346.15384615384613 111.92307692307692
352.3076923076923 111.92307692307692
341.53846153846155 111.92307692307692
286.15384615384613 108.46153846153847
235.3846153846154 118.84615384615384
201.53846153846155 136.15384615384616
172.30769230769232 153.46153846153845
152.30769230769232 180.0
141.53846153846155 188.07692307692307
141.53846153846155 185.76923076923077
141.53846153846155 185.76923076923077
141.53846153846155 185.76923076923077
141.53846153846155 182.30769230769232
143.07692307692307 183.46153846153845
132.30769230769232 197.30769230769232
126.15384615384616 212.30769230769232
129.23076923076923 205.3846153846154
129.23076923076923 205.3846153846154
129.23076923076923 205.3846153846154
129.23076923076923 205.3846153846154
129.23076923076923 205.3846153846154
129.23076923076923 205.3846153846154
129.23076923076923 205.3846153846154
129.23076923076923 205.3846153846154
126.15384615384616 204.23076923076923
126.15384615384616 204.23076923076923
126.15384615384616 204.23076923076923
126.15384615384616 204.23076923076923
123.07692307692308 204.23076923076923
123.07692307692308 204.23076923076923
123.07692307692308 204.23076923076923
123.07692307692308 204.23076923076923
123.07692307692308 204.23076923076923
123.07692307692308 204.23076923076923
123.07692307692308 203.07692307692307
123.07692307692308 203.07692307692307
123.07692307692308 203.07692307692307
129.23076923076923 198.46153846153845
129.23076923076923 198.46153846153845
129.23076923076923 198.46153846153845
129.23076923076923 198.46153846153845
129.23076923076923 198.46153846153845
129.23076923076923 198.46153846153845
129.23076923076923 198.46153846153845
129.23076923076923 198.46153846153845
129.23076923076923 198.46153846153845
130.76923076923077 198.46153846153845
130.76923076923077 198.46153846153845
132.30769230769232 197.30769230769232
132.30769230769232 197.30769230769232
132.30769230769232 197.30769230769232
132.30769230769232 197.30769230769232
132.30769230769232 197.30769230769232
132.30769230769232 197.30769230769232
132.30769230769232 197.30769230769232
132.30769230769232 197.30769230769232
132.30769230769232 197.30769230769232
132.30769230769232 197.30769230769232
132.30769230769232 197.30769230769232
132.30769230769232 197.30769230769232
132.30769230769232 192.69230769230768
132.30769230769232 192.69230769230768
132.30769230769232 192.69230769230768
132.30769230769232 192.69230769230768
132.30769230769232 192.69230769230768
132.30769230769232 192.69230769230768
132.30769230769232 192.69230769230768
132.30769230769232 192.69230769230768
132.30769230769232 192.69230769230768
132.30769230769232 192.69230769230768
132.30769230769232 192.69230769230768
132.30769230769232 192.69230769230768
147.69230769230768 178.84615384615384
190.76923076923077 136.15384615384616
233.84615384615384 108.46153846153847
283.0769230769231 85.38461538461539
332.3076923076923 71.53846153846153
372.3076923076923 68.07692307692308
407.6923076923077 68.07692307692308
404.61538461538464 68.07692307692308
404.61538461538464 68.07692307692308
404.61538461538464 68.07692307692308
403.0769230769231 68.07692307692308
400.0 68.07692307692308
400.0 68.07692307692308
400.0 68.07692307692308
400.0 68.07692307692308
367.6923076923077 51.92307692307692
361.53846153846155 53.07692307692308
361.53846153846155 53.07692307692308
361.53846153846155 53.07692307692308
361.53846153846155 53.07692307692308
361.53846153846155 53.07692307692308
361.53846153846155 53.07692307692308
361.53846153846155 53.07692307692308
347.6923076923077 53.07692307692308
347.6923076923077 53.07692307692308
347.6923076923077 53.07692307692308
347.6923076923077 53.07692307692308
347.6923076923077 53.07692307692308
347.6923076923077 53.07692307692308
347.6923076923077 53.07692307692308
347.6923076923077 53.07692307692308
347.6923076923077 53.07692307692308
353.84615384615387 53.07692307692308
353.84615384615387 53.07692307692308
353.84615384615387 53.07692307692308
344.61538461538464 53.07692307692308
340.0 53.07692307692308
340.0 53.07692307692308
340.0 53.07692307692308
340.0 53.07692307692308
340.0 53.07692307692308
340.0 51.92307692307692
347.6923076923077 55.38461538461539
366.15384615384613 80.76923076923077
375.38461538461536 122.3076923076923
387.6923076923077 166.15384615384616
395.38461538461536 206.53846153846155
392.3076923076923 238.84615384615384
392.3076923076923 271.15384615384613
386.15384615384613 309.2307692307692
384.61538461538464 324.2307692307692
383.0769230769231 335.7692307692308
378.46153846153845 335.7692307692308
378.46153846153845 335.7692307692308
378.46153846153845 335.7692307692308
378.46153846153845 335.7692307692308
378.46153846153845 335.7692307692308
378.46153846153845 335.7692307692308
378.46153846153845 335.7692307692308
375.38461538461536 334.61538461538464
372.3076923076923 334.61538461538464
372.3076923076923 334.61538461538464
372.3076923076923 334.61538461538464
378.46153846153845 293.0769230769231
366.15384615384613 225.0
366.15384615384613 169.6153846153846
355.38461538461536 138.46153846153845
347.6923076923077 148.84615384615384
347.6923076923077 148.84615384615384
347.6923076923077 148.84615384615384
347.6923076923077 148.84615384615384
347.6923076923077 148.84615384615384
347.6923076923077 148.84615384615384
347.6923076923077 148.84615384615384
360.0 146.53846153846155
390.7692307692308 138.46153846153845
400.0 137.30769230769232
395.38461538461536 137.30769230769232
392.3076923076923 137.30769230769232
386.15384615384613 136.15384615384616
386.15384615384613 136.15384615384616
415.38461538461536 152.30769230769232
412.3076923076923 148.84615384615384
410.7692307692308 148.84615384615384
412.3076923076923 151.15384615384616
407.6923076923077 150.0
407.6923076923077 150.0
407.6923076923077 150.0
407.6923076923077 150.0
407.6923076923077 150.0
387.6923076923077 143.07692307692307
380.0 131.53846153846155
380.0 131.53846153846155
380.0 131.53846153846155
380.0 131.53846153846155
380.0 131.53846153846155
380.0 131.53846153846155
380.0 131.53846153846155
380.0 131.53846153846155
380.0 131.53846153846155
380.0 131.53846153846155
380.0 131.53846153846155
380.0 131.53846153846155
380.0 131.53846153846155
355.38461538461536 139.6153846153846
355.38461538461536 146.53846153846155
355.38461538461536 146.53846153846155
355.38461538461536 146.53846153846155
355.38461538461536 146.53846153846155
341.53846153846155 146.53846153846155
326.15384615384613 143.07692307692307
326.15384615384613 140.76923076923077
326.15384615384613 140.76923076923077
326.15384615384613 140.76923076923077
326.15384615384613 140.76923076923077
321.53846153846155 137.30769230769232
321.53846153846155 137.30769230769232
321.53846153846155 137.30769230769232
321.53846153846155 137.30769230769232
320.0 137.30769230769232
320.0 137.30769230769232
320.0 137.30769230769232
323.0769230769231 135.0
323.0769230769231 135.0
326.15384615384613 136.15384615384616
326.15384615384613 136.15384615384616
326.15384615384613 136.15384615384616
327.6923076923077 136.15384615384616
330.7692307692308 136.15384615384616
332.3076923076923 136.15384615384616
332.3076923076923 136.15384615384616
332.3076923076923 136.15384615384616
332.3076923076923 136.15384615384616
332.3076923076923 136.15384615384616
332.3076923076923 136.15384615384616
332.3076923076923 136.15384615384616
332.3076923076923 136.15384615384616
332.3076923076923 136.15384615384616
364.61538461538464 123.46153846153847
392.3076923076923 106.15384615384616
420.0 96.92307692307692
420.0 96.92307692307692
421.53846153846155 95.76923076923077
421.53846153846155 95.76923076923077
421.53846153846155 95.76923076923077
421.53846153846155 95.76923076923077
424.61538461538464 90.0
424.61538461538464 80.76923076923077
424.61538461538464 79.61538461538461
424.61538461538464 79.61538461538461
421.53846153846155 79.61538461538461
420.0 79.61538461538461
420.0 79.61538461538461
420.0 79.61538461538461
415.38461538461536 78.46153846153847
415.38461538461536 78.46153846153847
412.3076923076923 76.15384615384616
412.3076923076923 76.15384615384616
427.6923076923077 80.76923076923077
458.46153846153845 120.0
464.61538461538464 139.6153846153846
463.0769230769231 170.76923076923077
440.0 182.30769230769232
432.3076923076923 203.07692307692307
430.7692307692308 212.30769230769232
430.7692307692308 208.84615384615384
430.7692307692308 208.84615384615384
430.7692307692308 208.84615384615384
430.7692307692308 208.84615384615384
430.7692307692308 208.84615384615384
452.3076923076923 220.3846153846154
455.38461538461536 227.30769230769232
455.38461538461536 230.76923076923077
455.38461538461536 230.76923076923077
455.38461538461536 230.76923076923077
452.3076923076923 230.76923076923077
452.3076923076923 230.76923076923077
452.3076923076923 230.76923076923077
452.3076923076923 230.76923076923077
452.3076923076923 236.53846153846155
452.3076923076923 230.76923076923077
452.3076923076923 230.76923076923077
452.3076923076923 225.0
449.2307692307692 213.46153846153845
435.38461538461536 190.3846153846154
435.38461538461536 165.0
432.3076923076923 130.3846153846154
423.0769230769231 108.46153846153847
415.38461538461536 106.15384615384616
420.0 108.46153846153847
420.0 108.46153846153847
424.61538461538464 110.76923076923077
418.46153846153845 87.6923076923077
404.61538461538464 81.92307692307692
404.61538461538464 80.76923076923077
404.61538461538464 80.76923076923077
407.6923076923077 83.07692307692308
409.2307692307692 84.23076923076923
409.2307692307692 84.23076923076923
409.2307692307692 81.92307692307692
423.0769230769231 96.92307692307692
435.38461538461536 124.61538461538461
435.38461538461536 167.30769230769232
443.0769230769231 191.53846153846155
443.0769230769231 225.0
432.3076923076923 223.84615384615384
430.7692307692308 223.84615384615384
430.7692307692308 223.84615384615384
430.7692307692308 223.84615384615384
435.38461538461536 228.46153846153845
432.3076923076923 233.07692307692307
432.3076923076923 240.0
440.0 278.0769230769231
438.46153846153845 298.84615384615387
438.46153846153845 308.0769230769231
449.2307692307692 326.53846153846155
452.3076923076923 317.3076923076923
452.3076923076923 317.3076923076923
455.38461538461536 316.15384615384613
461.53846153846155 316.15384615384613
461.53846153846155 316.15384615384613
461.53846153846155 316.15384615384613
461.53846153846155 316.15384615384613
461.53846153846155 316.15384615384613
461.53846153846155 316.15384615384613
461.53846153846155 316.15384615384613
464.61538461538464 312.6923076923077
467.6923076923077 311.53846153846155
467.6923076923077 311.53846153846155
467.6923076923077 311.53846153846155
464.61538461538464 309.2307692307692
464.61538461538464 309.2307692307692
464.61538461538464 309.2307692307692
464.61538461538464 309.2307692307692
464.61538461538464 309.2307692307692
464.61538461538464 309.2307692307692
464.61538461538464 309.2307692307692
464.61538461538464 309.2307692307692
461.53846153846155 309.2307692307692
461.53846153846155 309.2307692307692
461.53846153846155 309.2307692307692
461.53846153846155 309.2307692307692
461.53846153846155 309.2307692307692
461.53846153846155 309.2307692307692
461.53846153846155 309.2307692307692
464.61538461538464 272.3076923076923
472.3076923076923 223.84615384615384
472.3076923076923 196.15384615384616
469.2307692307692 161.53846153846155
464.61538461538464 120.0
452.3076923076923 102.6923076923077
429.2307692307692 88.84615384615384
407.6923076923077 75.0
375.38461538461536 56.53846153846154
353.84615384615387 50.76923076923077
333.84615384615387 50.76923076923077
307.6923076923077 43.84615384615385
298.46153846153845 43.84615384615385
300.0 45.0
300.0 48.46153846153846
300.0 48.46153846153846
300.0 48.46153846153846
300.0 48.46153846153846
295.38461538461536 48.46153846153846
284.61538461538464 48.46153846153846
281.53846153846155 48.46153846153846
281.53846153846155 48.46153846153846
281.53846153846155 48.46153846153846
281.53846153846155 48.46153846153846
281.53846153846155 48.46153846153846
281.53846153846155 48.46153846153846
281.53846153846155 48.46153846153846
281.53846153846155 50.76923076923077
281.53846153846155 50.76923076923077
281.53846153846155 50.76923076923077
281.53846153846155 50.76923076923077
281.53846153846155 50.76923076923077
281.53846153846155 50.76923076923077
281.53846153846155 50.76923076923077
281.53846153846155 50.76923076923077
281.53846153846155 50.76923076923077
281.53846153846155 50.76923076923077
281.53846153846155 48.46153846153846
280.0 45.0
280.0 60.0
286.15384615384613 86.53846153846153
303.0769230769231 138.46153846153845
315.38461538461536 177.69230769230768
343.0769230769231 226.15384615384616
340.0 271.15384615384613
343.0769230769231 303.46153846153845
346.15384615384613 328.84615384615387
346.15384615384613 348.46153846153845
353.84615384615387 360.0
352.3076923076923 371.53846153846155
360.0 383.0769230769231
363.0769230769231 385.38461538461536
364.61538461538464 385.38461538461536
364.61538461538464 385.38461538461536
364.61538461538464 385.38461538461536
364.61538461538464 385.38461538461536
364.61538461538464 386.53846153846155
364.61538461538464 386.53846153846155
364.61538461538464 383.0769230769231
364.61538461538464 379.61538461538464
364.61538461538464 379.61538461538464
364.61538461538464 379.61538461538464
364.61538461538464 380.7692307692308
364.61538461538464 380.7692307692308
364.61538461538464 380.7692307692308
364.61538461538464 380.7692307692308
364.61538461538464 385.38461538461536
364.61538461538464 385.38461538461536
364.61538461538464 385.38461538461536
364.61538461538464 385.38461538461536
364.61538461538464 385.38461538461536
344.61538461538464 386.53846153846155
326.15384615384613 387.6923076923077
320.0 387.6923076923077
320.0 387.6923076923077
320.0 387.6923076923077
320.0 387.6923076923077
286.15384615384613 386.53846153846155
247.69230769230768 380.7692307692308
244.6153846153846 380.7692307692308
215.3846153846154 368.0769230769231
192.30769230769232 360.0
172.30769230769232 353.0769230769231
169.23076923076923 349.61538461538464
163.07692307692307 345.0
163.07692307692307 345.0
163.07692307692307 345.0
166.15384615384616 343.84615384615387
166.15384615384616 339.2307692307692
166.15384615384616 339.2307692307692
166.15384615384616 339.2307692307692
166.15384615384616 339.2307692307692
166.15384615384616 339.2307692307692
166.15384615384616 339.2307692307692
169.23076923076923 339.2307692307692
169.23076923076923 339.2307692307692
169.23076923076923 338.0769230769231
169.23076923076923 338.0769230769231
169.23076923076923 338.0769230769231
169.23076923076923 334.61538461538464
169.23076923076923 334.61538461538464
169.23076923076923 334.61538461538464
169.23076923076923 334.61538461538464
175.3846153846154 333.46153846153845
196.92307692307693 301.15384615384613
241.53846153846155 268.84615384615387
284.61538461538464 219.23076923076923
321.53846153846155 160.3846153846154
343.0769230769231 122.3076923076923
372.3076923076923 102.6923076923077
375.38461538461536 93.46153846153847
375.38461538461536 93.46153846153847
390.7692307692308 91.15384615384616
415.38461538461536 85.38461538461539
415.38461538461536 86.53846153846153
415.38461538461536 86.53846153846153
415.38461538461536 86.53846153846153
415.38461538461536 86.53846153846153
415.38461538461536 86.53846153846153
415.38461538461536 86.53846153846153
415.38461538461536 86.53846153846153
415.38461538461536 86.53846153846153
415.38461538461536 86.53846153846153
415.38461538461536 86.53846153846153
415.38461538461536 86.53846153846153
390.7692307692308 90.0
375.38461538461536 91.15384615384616
375.38461538461536 91.15384615384616
375.38461538461536 91.15384615384616
375.38461538461536 91.15384615384616
375.38461538461536 91.15384615384616
375.38461538461536 91.15384615384616
375.38461538461536 91.15384615384616
375.38461538461536 91.15384615384616
375.38461538461536 91.15384615384616
375.38461538461536 91.15384615384616
375.38461538461536 95.76923076923077
380.0 106.15384615384616
370.7692307692308 113.07692307692308
364.61538461538464 115.38461538461539
355.38461538461536 118.84615384615384
355.38461538461536 118.84615384615384
350.7692307692308 123.46153846153847
347.6923076923077 128.07692307692307
346.15384615384613 128.07692307692307
318.46153846153845 144.23076923076923
306.15384615384613 148.84615384615384
298.46153846153845 148.84615384615384
298.46153846153845 148.84615384615384
298.46153846153845 148.84615384615384
298.46153846153845 148.84615384615384
298.46153846153845 148.84615384615384
298.46153846153845 148.84615384615384
298.46153846153845 148.84615384615384
298.46153846153845 148.84615384615384
298.46153846153845 148.84615384615384
298.46153846153845 148.84615384615384
298.46153846153845 148.84615384615384
298.46153846153845 148.84615384615384
298.46153846153845 148.84615384615384
298.46153846153845 148.84615384615384
298.46153846153845 148.84615384615384
298.46153846153845 148.84615384615384
298.46153846153845 148.84615384615384
298.46153846153845 148.84615384615384
298.46153846153845 148.84615384615384
298.46153846153845 148.84615384615384
298.46153846153845 148.84615384615384
298.46153846153845 148.84615384615384
298.46153846153845 148.84615384615384
298.46153846153845 148.84615384615384
403.0769230769231 80.76923076923077
412.3076923076923 79.61538461538461
410.7692307692308 80.76923076923077
410.7692307692308 80.76923076923077
410.7692307692308 80.76923076923077
410.7692307692308 80.76923076923077
410.7692307692308 80.76923076923077
410.7692307692308 80.76923076923077
410.7692307692308 80.76923076923077
410.7692307692308 80.76923076923077
412.3076923076923 80.76923076923077
412.3076923076923 80.76923076923077
412.3076923076923 80.76923076923077
412.3076923076923 80.76923076923077
412.3076923076923 79.61538461538461
412.3076923076923 79.61538461538461
384.61538461538464 91.15384615384616
323.0769230769231 108.46153846153847
307.6923076923077 114.23076923076923
307.6923076923077 114.23076923076923
307.6923076923077 114.23076923076923
307.6923076923077 114.23076923076923
307.6923076923077 114.23076923076923
307.6923076923077 114.23076923076923
307.6923076923077 114.23076923076923
307.6923076923077 114.23076923076923
307.6923076923077 114.23076923076923
306.15384615384613 120.0
306.15384615384613 120.0
306.15384615384613 120.0
312.3076923076923 120.0
312.3076923076923 120.0
312.3076923076923 120.0
315.38461538461536 123.46153846153847
315.38461538461536 123.46153846153847
315.38461538461536 129.23076923076923
315.38461538461536 129.23076923076923
315.38461538461536 129.23076923076923
315.38461538461536 129.23076923076923
315.38461538461536 129.23076923076923
315.38461538461536 129.23076923076923
315.38461538461536 128.07692307692307
315.38461538461536 128.07692307692307
315.38461538461536 128.07692307692307
315.38461538461536 128.07692307692307
315.38461538461536 128.07692307692307
315.38461538461536 128.07692307692307
315.38461538461536 128.07692307692307
315.38461538461536 128.07692307692307
320.0 128.07692307692307
320.0 128.07692307692307
320.0 128.07692307692307
323.0769230769231 128.07692307692307
323.0769230769231 128.07692307692307
323.0769230769231 128.07692307692307
323.0769230769231 128.07692307692307
323.0769230769231 128.07692307692307
324.61538461538464 129.23076923076923
324.61538461538464 129.23076923076923
324.61538461538464 129.23076923076923
324.61538461538464 129.23076923076923
324.61538461538464 129.23076923076923
324.61538461538464 129.23076923076923
324.61538461538464 129.23076923076923
324.61538461538464 129.23076923076923
326.15384615384613 130.3846153846154
326.15384615384613 130.3846153846154
326.15384615384613 130.3846153846154
326.15384615384613 130.3846153846154
326.15384615384613 130.3846153846154
324.61538461538464 130.3846153846154
324.61538461538464 130.3846153846154
323.0769230769231 131.53846153846155
323.0769230769231 131.53846153846155
323.0769230769231 131.53846153846155
323.0769230769231 131.53846153846155
335.38461538461536 118.84615384615384
367.6923076923077 91.15384615384616
381.53846153846155 83.07692307692308
383.0769230769231 79.61538461538461
383.0769230769231 83.07692307692308
383.0769230769231 83.07692307692308
383.0769230769231 83.07692307692308
383.0769230769231 83.07692307692308
383.0769230769231 83.07692307692308
383.0769230769231 80.76923076923077
381.53846153846155 80.76923076923077
358.46153846153845 115.38461538461539
312.3076923076923 177.69230769230768
278.46153846153845 228.46153846153845
275.38461538461536 249.23076923076923
275.38461538461536 245.76923076923077
275.38461538461536 245.76923076923077
275.38461538461536 245.76923076923077
275.38461538461536 245.76923076923077
275.38461538461536 245.76923076923077
273.84615384615387 249.23076923076923
284.61538461538464 252.69230769230768
278.46153846153845 249.23076923076923
281.53846153846155 249.23076923076923
284.61538461538464 252.69230769230768
284.61538461538464 252.69230769230768
284.61538461538464 252.69230769230768
284.61538461538464 252.69230769230768
284.61538461538464 252.69230769230768
284.61538461538464 252.69230769230768
284.61538461538464 252.69230769230768
284.61538461538464 252.69230769230768
284.61538461538464 252.69230769230768
284.61538461538464 252.69230769230768
284.61538461538464 252.69230769230768
284.61538461538464 252.69230769230768
284.61538461538464 252.69230769230768
284.61538461538464 252.69230769230768
284.61538461538464 252.69230769230768
284.61538461538464 252.69230769230768
284.61538461538464 252.69230769230768
275.38461538461536 251.53846153846155
272.3076923076923 212.30769230769232
267.6923076923077 200.76923076923077
286.15384615384613 146.53846153846155
287.6923076923077 115.38461538461539
313.84615384615387 99.23076923076923
324.61538461538464 91.15384615384616
320.0 91.15384615384616
320.0 91.15384615384616
320.0 91.15384615384616
318.46153846153845 91.15384615384616
318.46153846153845 93.46153846153847
318.46153846153845 96.92307692307692
321.53846153846155 95.76923076923077
378.46153846153845 91.15384615384616
401.53846153846155 91.15384615384616
407.6923076923077 93.46153846153847
407.6923076923077 93.46153846153847
404.61538461538464 93.46153846153847
404.61538461538464 95.76923076923077
404.61538461538464 95.76923076923077
400.0 98.07692307692308
400.0 98.07692307692308
355.38461538461536 95.76923076923077
310.7692307692308 98.07692307692308
283.0769230769231 99.23076923076923
278.46153846153845 100.38461538461539
244.6153846153846 108.46153846153847
204.6153846153846 122.3076923076923
172.30769230769232 138.46153846153845
155.3846153846154 148.84615384615384
143.07692307692307 163.84615384615384
135.3846153846154 165.0
135.3846153846154 163.84615384615384
135.3846153846154 163.84615384615384
140.0 161.53846153846155
140.0 161.53846153846155
140.0 161.53846153846155
127.6923076923077 175.3846153846154
129.23076923076923 176.53846153846155
129.23076923076923 176.53846153846155
129.23076923076923 176.53846153846155
130.76923076923077 176.53846153846155
130.76923076923077 176.53846153846155
132.30769230769232 176.53846153846155
135.3846153846154 176.53846153846155
135.3846153846154 176.53846153846155
135.3846153846154 175.3846153846154
135.3846153846154 175.3846153846154
135.3846153846154 175.3846153846154
135.3846153846154 174.23076923076923
135.3846153846154 174.23076923076923
135.3846153846154 174.23076923076923
135.3846153846154 174.23076923076923
135.3846153846154 174.23076923076923
135.3846153846154 174.23076923076923
135.3846153846154 174.23076923076923
135.3846153846154 174.23076923076923
136.92307692307693 173.07692307692307
135.3846153846154 173.07692307692307
135.3846153846154 173.07692307692307
135.3846153846154 173.07692307692307
135.3846153846154 173.07692307692307
135.3846153846154 173.07692307692307
135.3846153846154 173.07692307692307
135.3846153846154 173.07692307692307
135.3846153846154 173.07692307692307
135.3846153846154 173.07692307692307
135.3846153846154 173.07692307692307
135.3846153846154 173.07692307692307
135.3846153846154 173.07692307692307
135.3846153846154 175.3846153846154
135.3846153846154 176.53846153846155
135.3846153846154 176.53846153846155
132.30769230769232 176.53846153846155
132.30769230769232 176.53846153846155
132.30769230769232 176.53846153846155
132.30769230769232 176.53846153846155
132.30769230769232 176.53846153846155
132.30769230769232 176.53846153846155
132.30769230769232 176.53846153846155
135.3846153846154 175.3846153846154
140.0 167.30769230769232
189.23076923076923 131.53846153846155
240.0 103.84615384615384
287.6923076923077 84.23076923076923
333.84615384615387 70.38461538461539
378.46153846153845 68.07692307692308
409.2307692307692 80.76923076923077
447.6923076923077 88.84615384615384
469.2307692307692 95.76923076923077
478.46153846153845 105.0
475.38461538461536 103.84615384615384
475.38461538461536 102.6923076923077
478.46153846153845 103.84615384615384
495.38461538461536 118.84615384615384
509.2307692307692 128.07692307692307
