401.5384615384616 130.38461538461542 1
401.5384615384616 130.38461538461542 1
395.3846153846154 129.23076923076923 1
395.3846153846154 128.0769230769231 1
395.3846153846154 128.0769230769231 1
395.3846153846154 128.0769230769231 1
395.3846153846154 128.0769230769231 1
395.3846153846154 128.0769230769231 1
395.3846153846154 128.0769230769231 1
395.3846153846154 128.0769230769231 1
395.3846153846154 128.0769230769231 1
395.3846153846154 128.0769230769231 1
395.3846153846154 128.0769230769231 1
395.3846153846154 126.92307692307692 1
395.3846153846154 126.92307692307692 1
401.5384615384616 123.46153846153848 1
401.5384615384616 123.46153846153848 1
401.5384615384616 123.46153846153848 1
403.07692307692315 123.46153846153848 1
387.6923076923077 123.46153846153848 1
363.07692307692315 130.38461538461542 1
361.5384615384616 129.23076923076923 1
361.5384615384616 124.6153846153846 1
361.5384615384616 124.6153846153846 1
384.6153846153846 123.46153846153848 1
409.23076923076917 120.0 1
404.6153846153846 118.84615384615385 1
400.0 114.23076923076924 1
400.0 114.23076923076924 1
400.0 114.23076923076924 1
400.0 114.23076923076924 1
400.0 114.23076923076924 1
400.0 117.69230769230771 1
398.46153846153845 117.69230769230771 1
398.46153846153845 117.69230769230771 1
398.46153846153845 117.69230769230771 1
395.3846153846154 118.84615384615385 1
395.3846153846154 118.84615384615385 1
392.3076923076923 123.46153846153848 1
352.3076923076923 165.0 1
312.3076923076923 212.3076923076923 1
295.38461538461536 257.3076923076923 1
286.15384615384613 258.46153846153845 1
286.15384615384613 258.46153846153845 1
286.15384615384613 258.46153846153845 1
286.15384615384613 258.46153846153845 1
286.15384615384613 258.46153846153845 1
292.3076923076923 263.0769230769231 1
295.38461538461536 275.76923076923083 1
295.38461538461536 281.53846153846155 1
295.38461538461536 281.53846153846155 1
295.38461538461536 281.53846153846155 1
295.38461538461536 281.53846153846155 1
295.38461538461536 281.53846153846155 1
295.38461538461536 281.53846153846155 1
295.38461538461536 281.53846153846155 1
295.38461538461536 281.53846153846155 1
295.38461538461536 281.53846153846155 1
286.15384615384613 297.6923076923077 1
286.15384615384613 302.3076923076923 1
290.76923076923083 302.3076923076923 1
290.76923076923083 302.3076923076923 1
290.76923076923083 302.3076923076923 1
290.76923076923083 302.3076923076923 1
290.76923076923083 302.3076923076923 1
290.76923076923083 302.3076923076923 1
303.07692307692315 290.76923076923083 1
303.07692307692315 289.61538461538464 1
320.0 228.46153846153842 1
352.3076923076923 181.15384615384616 1
384.6153846153846 137.30769230769232 1
400.0 117.69230769230771 1
400.0 114.23076923076924 1
395.3846153846154 114.23076923076924 1
395.3846153846154 114.23076923076924 1
395.3846153846154 114.23076923076924 1
395.3846153846154 114.23076923076924 1
395.3846153846154 114.23076923076924 1
418.46153846153845 114.23076923076924 1
432.3076923076923 117.69230769230771 1
430.76923076923083 115.3846153846154 1
430.76923076923083 115.3846153846154 1
430.76923076923083 115.3846153846154 1
430.76923076923083 115.3846153846154 1
455.3846153846154 117.69230769230771 1
463.07692307692315 122.30769230769229 1
463.07692307692315 124.6153846153846 1
463.07692307692315 123.46153846153848 1
458.46153846153845 122.30769230769229 1
487.6923076923077 137.30769230769232 1
504.6153846153846 144.23076923076925 1
500.0 148.84615384615384 1
500.0 146.53846153846158 1
495.3846153846154 146.53846153846158 1
495.3846153846154 146.53846153846158 1
509.23076923076917 146.53846153846158 1
518.4615384615385 152.30769230769232 1
509.23076923076917 146.53846153846158 1
509.23076923076917 146.53846153846158 1
509.23076923076917 146.53846153846158 1
509.23076923076917 146.53846153846158 1
504.6153846153846 146.53846153846158 1
504.6153846153846 146.53846153846158 1
504.6153846153846 146.53846153846158 1
504.6153846153846 146.53846153846158 1
504.6153846153846 146.53846153846158 1
507.6923076923077 145.38461538461542 1
509.23076923076917 143.0769230769231 1
510.76923076923083 140.76923076923075 1
510.76923076923083 140.76923076923075 1
510.76923076923083 140.76923076923075 1
510.76923076923083 140.76923076923075 1
510.76923076923083 140.76923076923075 1
510.76923076923083 140.76923076923075 1
510.76923076923083 140.76923076923075 1
507.6923076923077 143.0769230769231 1
495.3846153846154 131.53846153846158 1
480.0 130.38461538461542 1
481.5384615384616 128.0769230769231 1
483.07692307692315 130.38461538461542 1
483.07692307692315 130.38461538461542 1
483.07692307692315 130.38461538461542 1
483.07692307692315 130.38461538461542 1
484.6153846153846 131.53846153846158 1
444.6153846153846 114.23076923076924 1
440.0 113.07692307692308 1
440.0 111.92307692307692 1
440.0 111.92307692307692 1
440.0 106.15384615384615 1
444.6153846153846 108.46153846153848 1
475.3846153846154 117.69230769230771 1
492.3076923076923 126.92307692307692 1
490.76923076923083 124.6153846153846 1
490.76923076923083 124.6153846153846 1
490.76923076923083 126.92307692307692 1
492.3076923076923 126.92307692307692 1
492.3076923076923 126.92307692307692 1
490.76923076923083 128.0769230769231 1
490.76923076923083 128.0769230769231 1
489.23076923076917 126.92307692307692 1
469.23076923076917 120.0 1
444.6153846153846 106.15384615384615 1
435.3846153846154 103.84615384615385 1
449.23076923076917 106.15384615384615 1
447.6923076923077 105.0 1
444.6153846153846 106.15384615384615 1
443.07692307692315 103.84615384615385 1
401.5384615384616 93.46153846153848 1
398.46153846153845 91.15384615384615 1
395.3846153846154 95.76923076923076 1
395.3846153846154 95.76923076923076 1
395.3846153846154 95.76923076923076 1
395.3846153846154 95.76923076923076 1
395.3846153846154 95.76923076923076 1
383.07692307692315 91.15384615384615 1
353.84615384615387 90.0 1
353.84615384615387 88.84615384615385 1
353.84615384615387 88.84615384615385 1
355.3846153846154 87.69230769230771 1
360.0 84.23076923076924 1
323.07692307692315 88.84615384615385 1
315.38461538461536 88.84615384615385 1
315.38461538461536 90.0 1
315.38461538461536 90.0 1
326.15384615384613 93.46153846153848 1
326.15384615384613 93.46153846153848 1
327.6923076923077 93.46153846153848 1
327.6923076923077 93.46153846153848 1
332.3076923076923 93.46153846153848 1
324.61538461538464 113.07692307692308 1
321.53846153846155 123.46153846153848 1
320.0 126.92307692307692 1
320.0 126.92307692307692 1
315.38461538461536 128.0769230769231 1
318.46153846153845 126.92307692307692 1
333.84615384615387 108.46153846153848 1
330.76923076923083 111.92307692307692 1
330.76923076923083 113.07692307692308 1
330.76923076923083 113.07692307692308 1
326.15384615384613 100.3846153846154 1
324.61538461538464 100.3846153846154 1
324.61538461538464 100.3846153846154 1
324.61538461538464 100.3846153846154 1
324.61538461538464 100.3846153846154 1
332.3076923076923 100.3846153846154 1
370.76923076923083 100.3846153846154 1
372.3076923076923 100.3846153846154 1
372.3076923076923 100.3846153846154 1
372.3076923076923 100.3846153846154 1
372.3076923076923 100.3846153846154 1
372.3076923076923 100.3846153846154 1
372.3076923076923 100.3846153846154 1
372.3076923076923 100.3846153846154 1
364.6153846153846 100.3846153846154 1
355.3846153846154 100.3846153846154 1
355.3846153846154 100.3846153846154 1
355.3846153846154 100.3846153846154 1
355.3846153846154 100.3846153846154 1
355.3846153846154 100.3846153846154 1
355.3846153846154 100.3846153846154 1
355.3846153846154 100.3846153846154 1
350.76923076923083 102.69230769230771 1
347.6923076923077 103.84615384615385 1
347.6923076923077 103.84615384615385 1
347.6923076923077 103.84615384615385 1
347.6923076923077 103.84615384615385 1
347.6923076923077 103.84615384615385 1
352.3076923076923 103.84615384615385 1
353.84615384615387 103.84615384615385 1
353.84615384615387 103.84615384615385 1
353.84615384615387 103.84615384615385 1
353.84615384615387 103.84615384615385 1
353.84615384615387 103.84615384615385 1
353.84615384615387 103.84615384615385 1
353.84615384615387 103.84615384615385 1
353.84615384615387 105.0 1
346.15384615384613 111.92307692307692 1
352.3076923076923 111.92307692307692 1
341.53846153846155 111.92307692307692 1
286.15384615384613 108.46153846153848 1
235.38461538461542 118.84615384615385 1
201.53846153846158 136.15384615384616 1
172.3076923076923 153.46153846153842 1
152.30769230769232 180.0 1
141.53846153846158 188.0769230769231 1
141.53846153846158 185.7692307692308 1
141.53846153846158 185.7692307692308 1
141.53846153846158 185.7692307692308 1
141.53846153846158 182.3076923076923 1
143.0769230769231 183.46153846153842 1
132.30769230769232 197.3076923076923 1
126.15384615384615 212.3076923076923 1
129.23076923076923 205.38461538461542 1
129.23076923076923 205.38461538461542 1
129.23076923076923 205.38461538461542 1
129.23076923076923 205.38461538461542 1
129.23076923076923 205.38461538461542 1
129.23076923076923 205.38461538461542 1
129.23076923076923 205.38461538461542 1
129.23076923076923 205.38461538461542 1
126.15384615384615 204.23076923076923 1
126.15384615384615 204.23076923076923 1
126.15384615384615 204.23076923076923 1
126.15384615384615 204.23076923076923 1
123.07692307692308 204.23076923076923 1
123.07692307692308 204.23076923076923 1
123.07692307692308 204.23076923076923 1
123.07692307692308 204.23076923076923 1
123.07692307692308 204.23076923076923 1
123.07692307692308 204.23076923076923 1
123.07692307692308 203.0769230769231 1
123.07692307692308 203.0769230769231 1
123.07692307692308 203.0769230769231 1
129.23076923076923 198.46153846153842 1
129.23076923076923 198.46153846153842 1
129.23076923076923 198.46153846153842 1
129.23076923076923 198.46153846153842 1
129.23076923076923 198.46153846153842 1
129.23076923076923 198.46153846153842 1
129.23076923076923 198.46153846153842 1
129.23076923076923 198.46153846153842 1
129.23076923076923 198.46153846153842 1
130.76923076923077 198.46153846153842 1
130.76923076923077 198.46153846153842 1
132.30769230769232 197.3076923076923 1
132.30769230769232 197.3076923076923 1
132.30769230769232 197.3076923076923 1
132.30769230769232 197.3076923076923 1
132.30769230769232 197.3076923076923 1
132.30769230769232 197.3076923076923 1
132.30769230769232 197.3076923076923 1
132.30769230769232 197.3076923076923 1
132.30769230769232 197.3076923076923 1
132.30769230769232 197.3076923076923 0
132.30769230769232 197.3076923076923 0
132.30769230769232 197.3076923076923 0
132.30769230769232 192.6923076923077 1
132.30769230769232 192.6923076923077 1
132.30769230769232 192.6923076923077 1
132.30769230769232 192.6923076923077 1
132.30769230769232 192.6923076923077 1
132.30769230769232 192.6923076923077 1
132.30769230769232 192.6923076923077 1
132.30769230769232 192.6923076923077 1
132.30769230769232 192.6923076923077 1
132.30769230769232 192.6923076923077 1
132.30769230769232 192.6923076923077 1
132.30769230769232 192.6923076923077 1
147.69230769230768 178.84615384615384 1
190.7692307692308 136.15384615384616 1
233.84615384615384 108.46153846153848 1
283.07692307692315 85.38461538461539 1
332.3076923076923 71.53846153846153 1
372.3076923076923 68.07692307692308 1
407.6923076923077 68.07692307692308 1
404.6153846153846 68.07692307692308 1
404.6153846153846 68.07692307692308 1
404.6153846153846 68.07692307692308 1
403.07692307692315 68.07692307692308 1
400.0 68.07692307692308 1
400.0 68.07692307692308 1
400.0 68.07692307692308 1
400.0 68.07692307692308 1
367.6923076923077 51.92307692307693 1
361.5384615384616 53.07692307692307 1
361.5384615384616 53.07692307692307 1
361.5384615384616 53.07692307692307 1
361.5384615384616 53.07692307692307 1
361.5384615384616 53.07692307692307 1
361.5384615384616 53.07692307692307 1
361.5384615384616 53.07692307692307 1
347.6923076923077 53.07692307692307 1
347.6923076923077 53.07692307692307 1
347.6923076923077 53.07692307692307 1
347.6923076923077 53.07692307692307 1
347.6923076923077 53.07692307692307 1
347.6923076923077 53.07692307692307 1
347.6923076923077 53.07692307692307 1
347.6923076923077 53.07692307692307 1
347.6923076923077 53.07692307692307 1
353.84615384615387 53.07692307692307 1
353.84615384615387 53.07692307692307 1
353.84615384615387 53.07692307692307 1
344.6153846153846 53.07692307692307 1
340.0 53.07692307692307 1
340.0 53.07692307692307 1
340.0 53.07692307692307 1
340.0 53.07692307692307 1
340.0 53.07692307692307 1
340.0 51.92307692307693 1
347.6923076923077 55.384615384615394 1
366.1538461538461 80.76923076923076 1
375.3846153846154 122.30769230769229 1
387.6923076923077 166.15384615384616 1
395.3846153846154 206.53846153846158 1
392.3076923076923 238.84615384615384 1
392.3076923076923 271.15384615384613 1
386.1538461538461 309.23076923076917 1
384.6153846153846 324.23076923076917 1
383.07692307692315 335.76923076923083 1
378.46153846153845 335.76923076923083 1
378.46153846153845 335.76923076923083 1
378.46153846153845 335.76923076923083 1
378.46153846153845 335.76923076923083 1
378.46153846153845 335.76923076923083 1
378.46153846153845 335.76923076923083 1
378.46153846153845 335.76923076923083 1
375.3846153846154 334.61538461538464 1
372.3076923076923 334.61538461538464 1
372.3076923076923 334.61538461538464 1
372.3076923076923 334.61538461538464 1
378.46153846153845 293.07692307692315 1
366.1538461538461 225.0 1
366.1538461538461 169.61538461538458 1
355.3846153846154 138.46153846153842 1
347.6923076923077 148.84615384615384 1
347.6923076923077 148.84615384615384 1
347.6923076923077 148.84615384615384 1
347.6923076923077 148.84615384615384 1
347.6923076923077 148.84615384615384 1
347.6923076923077 148.84615384615384 1
347.6923076923077 148.84615384615384 1
360.0 146.53846153846158 1
390.76923076923083 138.46153846153842 1
400.0 137.30769230769232 1
395.3846153846154 137.30769230769232 1
392.3076923076923 137.30769230769232 1
386.1538461538461 136.15384615384616 1
386.1538461538461 136.15384615384616 1
415.3846153846154 152.30769230769232 1
412.3076923076923 148.84615384615384 1
410.76923076923083 148.84615384615384 1
412.3076923076923 151.15384615384616 1
407.6923076923077 150.0 1
407.6923076923077 150.0 1
407.6923076923077 150.0 1
407.6923076923077 150.0 1
407.6923076923077 150.0 1
387.6923076923077 143.0769230769231 1
380.0 131.53846153846158 1
380.0 131.53846153846158 1
380.0 131.53846153846158 1
380.0 131.53846153846158 1
380.0 131.53846153846158 1
380.0 131.53846153846158 1
380.0 131.53846153846158 1
380.0 131.53846153846158 1
380.0 131.53846153846158 1
380.0 131.53846153846158 1
380.0 131.53846153846158 1
380.0 131.53846153846158 1
380.0 131.53846153846158 1
355.3846153846154 139.61538461538458 1
355.3846153846154 146.53846153846158 1
355.3846153846154 146.53846153846158 1
355.3846153846154 146.53846153846158 1
355.3846153846154 146.53846153846158 1
341.53846153846155 146.53846153846158 1
326.15384615384613 143.0769230769231 1
326.15384615384613 140.76923076923075 1
326.15384615384613 140.76923076923075 1
326.15384615384613 140.76923076923075 1
326.15384615384613 140.76923076923075 1
321.53846153846155 137.30769230769232 1
321.53846153846155 137.30769230769232 1
321.53846153846155 137.30769230769232 1
321.53846153846155 137.30769230769232 1
320.0 137.30769230769232 1
320.0 137.30769230769232 1
320.0 137.30769230769232 1
323.07692307692315 135.0 1
323.07692307692315 135.0 1
326.15384615384613 136.15384615384616 1
326.15384615384613 136.15384615384616 1
326.15384615384613 136.15384615384616 1
327.6923076923077 136.15384615384616 1
330.76923076923083 136.15384615384616 1
332.3076923076923 136.15384615384616 1
332.3076923076923 136.15384615384616 1
332.3076923076923 136.15384615384616 1
332.3076923076923 136.15384615384616 1
332.3076923076923 136.15384615384616 1
332.3076923076923 136.15384615384616 1
332.3076923076923 136.15384615384616 1
332.3076923076923 136.15384615384616 1
332.3076923076923 136.15384615384616 1
364.6153846153846 123.46153846153848 1
392.3076923076923 106.15384615384615 1
420.0 96.92307692307692 1
420.0 96.92307692307692 1
421.5384615384616 95.76923076923076 1
421.5384615384616 95.76923076923076 1
421.5384615384616 95.76923076923076 1
421.5384615384616 95.76923076923076 1
424.6153846153846 90.0 1
424.6153846153846 80.76923076923076 1
424.6153846153846 79.61538461538461 1
424.6153846153846 79.61538461538461 1
421.5384615384616 79.61538461538461 1
420.0 79.61538461538461 1
420.0 79.61538461538461 1
420.0 79.61538461538461 1
415.3846153846154 78.46153846153847 1
415.3846153846154 78.46153846153847 1
412.3076923076923 76.15384615384616 1
412.3076923076923 76.15384615384616 1
427.6923076923077 80.76923076923076 1
458.46153846153845 120.0 1
464.6153846153846 139.61538461538458 1
463.07692307692315 170.76923076923075 1
440.0 182.3076923076923 1
432.3076923076923 203.0769230769231 1
430.76923076923083 212.3076923076923 0
430.76923076923083 208.84615384615384 0
430.76923076923083 208.84615384615384 0
430.76923076923083 208.84615384615384 0
430.76923076923083 208.84615384615384 0
430.76923076923083 208.84615384615384 0
452.3076923076923 220.38461538461542 0
455.3846153846154 227.3076923076923 0
455.3846153846154 230.7692307692308 0
455.3846153846154 230.7692307692308 0
455.3846153846154 230.7692307692308 0
452.3076923076923 230.7692307692308 0
452.3076923076923 230.7692307692308 0
452.3076923076923 230.7692307692308 0
452.3076923076923 230.7692307692308 0
452.3076923076923 236.53846153846158 0
452.3076923076923 230.7692307692308 0
452.3076923076923 230.7692307692308 0
452.3076923076923 225.0 0
449.23076923076917 213.46153846153842 0
435.3846153846154 190.38461538461542 0
435.3846153846154 165.0 0
432.3076923076923 130.38461538461542 1
423.07692307692315 108.46153846153848 1
415.3846153846154 106.15384615384615 1
420.0 108.46153846153848 1
420.0 108.46153846153848 1
424.6153846153846 110.76923076923076 1
418.46153846153845 87.69230769230771 1
404.6153846153846 81.92307692307692 1
404.6153846153846 80.76923076923076 1
404.6153846153846 80.76923076923076 1
407.6923076923077 83.07692307692308 1
409.23076923076917 84.23076923076924 1
409.23076923076917 84.23076923076924 1
409.23076923076917 81.92307692307692 1
423.07692307692315 96.92307692307692 1
435.3846153846154 124.6153846153846 1
435.3846153846154 167.30769230769232 1
443.07692307692315 191.53846153846158 1
443.07692307692315 225.0 1
432.3076923076923 223.84615384615384 1
430.76923076923083 223.84615384615384 1
430.76923076923083 223.84615384615384 1
430.76923076923083 223.84615384615384 1
435.3846153846154 228.46153846153842 1
432.3076923076923 233.0769230769231 1
432.3076923076923 240.0 1
440.0 278.0769230769231 1
438.46153846153845 298.84615384615387 1
438.46153846153845 308.07692307692315 1
449.23076923076917 326.53846153846155 1
452.3076923076923 317.3076923076923 1
452.3076923076923 317.3076923076923 1
455.3846153846154 316.15384615384613 1
461.5384615384616 316.15384615384613 1
461.5384615384616 316.15384615384613 1
461.5384615384616 316.15384615384613 1
461.5384615384616 316.15384615384613 1
461.5384615384616 316.15384615384613 1
461.5384615384616 316.15384615384613 1
461.5384615384616 316.15384615384613 1
464.6153846153846 312.6923076923077 1
467.6923076923077 311.53846153846155 1
467.6923076923077 311.53846153846155 1
467.6923076923077 311.53846153846155 1
464.6153846153846 309.23076923076917 1
464.6153846153846 309.23076923076917 1
464.6153846153846 309.23076923076917 1
464.6153846153846 309.23076923076917 1
464.6153846153846 309.23076923076917 1
464.6153846153846 309.23076923076917 1
464.6153846153846 309.23076923076917 1
464.6153846153846 309.23076923076917 1
461.5384615384616 309.23076923076917 1
461.5384615384616 309.23076923076917 1
461.5384615384616 309.23076923076917 1
461.5384615384616 309.23076923076917 1
461.5384615384616 309.23076923076917 1
461.5384615384616 309.23076923076917 1
461.5384615384616 309.23076923076917 1
464.6153846153846 272.3076923076923 1
472.3076923076923 223.84615384615384 1
472.3076923076923 196.15384615384616 1
469.23076923076917 161.53846153846158 1
464.6153846153846 120.0 1
452.3076923076923 102.69230769230771 1
429.23076923076917 88.84615384615385 1
407.6923076923077 75.0 1
375.3846153846154 56.53846153846154 1
353.84615384615387 50.769230769230774 1
333.84615384615387 50.769230769230774 1
307.6923076923077 43.846153846153854 1
298.46153846153845 43.846153846153854 1
300.0 45.0 1
300.0 48.46153846153846 1
300.0 48.46153846153846 1
300.0 48.46153846153846 1
300.0 48.46153846153846 1
295.38461538461536 48.46153846153846 1
284.61538461538464 48.46153846153846 1
281.53846153846155 48.46153846153846 1
281.53846153846155 48.46153846153846 1
281.53846153846155 48.46153846153846 1
281.53846153846155 48.46153846153846 1
281.53846153846155 48.46153846153846 1
281.53846153846155 48.46153846153846 1
281.53846153846155 48.46153846153846 1
281.53846153846155 50.769230769230774 1
281.53846153846155 50.769230769230774 1
281.53846153846155 50.769230769230774 1
281.53846153846155 50.769230769230774 1
281.53846153846155 50.769230769230774 1
281.53846153846155 50.769230769230774 1
281.53846153846155 50.769230769230774 1
281.53846153846155 50.769230769230774 1
281.53846153846155 50.769230769230774 1
281.53846153846155 50.769230769230774 1
281.53846153846155 48.46153846153846 1
280.0 45.0 1
280.0 60.0 0
286.15384615384613 86.53846153846153 0
303.07692307692315 138.46153846153842 0
315.38461538461536 177.6923076923077 1
343.07692307692315 226.15384615384616 1
340.0 271.15384615384613 1
343.07692307692315 303.46153846153845 1
346.15384615384613 328.84615384615387 1
346.15384615384613 348.46153846153845 1
353.84615384615387 360.0 1
352.3076923076923 371.5384615384616 1
360.0 383.07692307692315 1
363.07692307692315 385.3846153846154 1
364.6153846153846 385.3846153846154 1
364.6153846153846 385.3846153846154 1
364.6153846153846 385.3846153846154 1
364.6153846153846 385.3846153846154 1
364.6153846153846 386.5384615384616 1
364.6153846153846 386.5384615384616 1
364.6153846153846 383.07692307692315 1
364.6153846153846 379.6153846153846 1
364.6153846153846 379.6153846153846 1
364.6153846153846 379.6153846153846 1
364.6153846153846 380.76923076923083 1
364.6153846153846 380.76923076923083 1
364.6153846153846 380.76923076923083 1
364.6153846153846 380.76923076923083 1
364.6153846153846 385.3846153846154 1
364.6153846153846 385.3846153846154 1
364.6153846153846 385.3846153846154 1
364.6153846153846 385.3846153846154 1
364.6153846153846 385.3846153846154 1
344.6153846153846 386.5384615384616 1
326.15384615384613 387.6923076923077 1
320.0 387.6923076923077 1
320.0 387.6923076923077 1
320.0 387.6923076923077 1
320.0 387.6923076923077 1
286.15384615384613 386.5384615384616 1
247.6923076923077 380.76923076923083 1
244.61538461538458 380.76923076923083 1
215.38461538461542 368.07692307692315 1
192.3076923076923 360.0 1
172.3076923076923 353.07692307692315 1
169.23076923076925 349.6153846153846 1
163.0769230769231 345.0 1
163.0769230769231 345.0 1
163.0769230769231 345.0 1
166.15384615384616 343.84615384615387 1
166.15384615384616 339.23076923076917 1
166.15384615384616 339.23076923076917 1
166.15384615384616 339.23076923076917 1
166.15384615384616 339.23076923076917 1
166.15384615384616 339.23076923076917 1
166.15384615384616 339.23076923076917 1
169.23076923076925 339.23076923076917 1
169.23076923076925 339.23076923076917 1
169.23076923076925 338.07692307692315 1
169.23076923076925 338.07692307692315 1
169.23076923076925 338.07692307692315 1
169.23076923076925 334.61538461538464 1
169.23076923076925 334.61538461538464 1
169.23076923076925 334.61538461538464 1
169.23076923076925 334.61538461538464 1
175.38461538461542 333.46153846153845 1
196.9230769230769 301.15384615384613 0
241.53846153846158 268.84615384615387 0
284.61538461538464 219.23076923076923 1
321.53846153846155 160.38461538461542 1
343.07692307692315 122.30769230769229 1
372.3076923076923 102.69230769230771 1
375.3846153846154 93.46153846153848 1
375.3846153846154 93.46153846153848 1
390.76923076923083 91.15384615384615 1
415.3846153846154 85.38461538461539 1
415.3846153846154 86.53846153846153 1
415.3846153846154 86.53846153846153 1
415.3846153846154 86.53846153846153 1
415.3846153846154 86.53846153846153 1
415.3846153846154 86.53846153846153 1
415.3846153846154 86.53846153846153 1
415.3846153846154 86.53846153846153 1
415.3846153846154 86.53846153846153 1
415.3846153846154 86.53846153846153 1
415.3846153846154 86.53846153846153 1
415.3846153846154 86.53846153846153 1
390.76923076923083 90.0 1
375.3846153846154 91.15384615384615 1
375.3846153846154 91.15384615384615 1
375.3846153846154 91.15384615384615 1
375.3846153846154 91.15384615384615 1
375.3846153846154 91.15384615384615 1
375.3846153846154 91.15384615384615 1
375.3846153846154 91.15384615384615 1
375.3846153846154 91.15384615384615 1
375.3846153846154 91.15384615384615 1
375.3846153846154 91.15384615384615 1
375.3846153846154 95.76923076923076 1
380.0 106.15384615384615 0
370.76923076923083 113.07692307692308 0
364.6153846153846 115.3846153846154 0
355.3846153846154 118.84615384615385 0
355.3846153846154 118.84615384615385 0
350.76923076923083 123.46153846153848 0
347.6923076923077 128.0769230769231 0
346.15384615384613 128.0769230769231 0
318.46153846153845 144.23076923076925 0
306.15384615384613 148.84615384615384 0
298.46153846153845 148.84615384615384 0
298.46153846153845 148.84615384615384 0
298.46153846153845 148.84615384615384 0
298.46153846153845 148.84615384615384 0
298.46153846153845 148.84615384615384 0
298.46153846153845 148.84615384615384 0
298.46153846153845 148.84615384615384 0
298.46153846153845 148.84615384615384 0
298.46153846153845 148.84615384615384 0
298.46153846153845 148.84615384615384 0
298.46153846153845 148.84615384615384 0
298.46153846153845 148.84615384615384 0
298.46153846153845 148.84615384615384 0
298.46153846153845 148.84615384615384 0
298.46153846153845 148.84615384615384 0
298.46153846153845 148.84615384615384 0
298.46153846153845 148.84615384615384 0
298.46153846153845 148.84615384615384 0
298.46153846153845 148.84615384615384 0
298.46153846153845 148.84615384615384 0
298.46153846153845 148.84615384615384 0
298.46153846153845 148.84615384615384 0
298.46153846153845 148.84615384615384 0
298.46153846153845 148.84615384615384 0
403.07692307692315 80.76923076923076 0
412.3076923076923 79.61538461538461 1
410.76923076923083 80.76923076923076 1
410.76923076923083 80.76923076923076 1
410.76923076923083 80.76923076923076 1
410.76923076923083 80.76923076923076 1
410.76923076923083 80.76923076923076 1
410.76923076923083 80.76923076923076 1
410.76923076923083 80.76923076923076 1
410.76923076923083 80.76923076923076 1
412.3076923076923 80.76923076923076 1
412.3076923076923 80.76923076923076 1
412.3076923076923 80.76923076923076 1
412.3076923076923 80.76923076923076 1
412.3076923076923 79.61538461538461 1
412.3076923076923 79.61538461538461 1
384.6153846153846 91.15384615384615 1
323.07692307692315 108.46153846153848 1
307.6923076923077 114.23076923076924 1
307.6923076923077 114.23076923076924 1
307.6923076923077 114.23076923076924 1
307.6923076923077 114.23076923076924 1
307.6923076923077 114.23076923076924 1
307.6923076923077 114.23076923076924 1
307.6923076923077 114.23076923076924 1
307.6923076923077 114.23076923076924 1
307.6923076923077 114.23076923076924 1
306.15384615384613 120.0 1
306.15384615384613 120.0 1
306.15384615384613 120.0 1
312.3076923076923 120.0 1
312.3076923076923 120.0 1
312.3076923076923 120.0 1
315.38461538461536 123.46153846153848 1
315.38461538461536 123.46153846153848 1
315.38461538461536 129.23076923076923 1
315.38461538461536 129.23076923076923 1
315.38461538461536 129.23076923076923 1
315.38461538461536 129.23076923076923 1
315.38461538461536 129.23076923076923 1
315.38461538461536 129.23076923076923 1
315.38461538461536 128.0769230769231 1
315.38461538461536 128.0769230769231 1
315.38461538461536 128.0769230769231 1
315.38461538461536 128.0769230769231 1
315.38461538461536 128.0769230769231 1
315.38461538461536 128.0769230769231 1
315.38461538461536 128.0769230769231 1
315.38461538461536 128.0769230769231 1
320.0 128.0769230769231 1
320.0 128.0769230769231 1
320.0 128.0769230769231 1
323.07692307692315 128.0769230769231 1
323.07692307692315 128.0769230769231 1
323.07692307692315 128.0769230769231 1
323.07692307692315 128.0769230769231 1
323.07692307692315 128.0769230769231 1
324.61538461538464 129.23076923076923 1
324.61538461538464 129.23076923076923 1
324.61538461538464 129.23076923076923 1
324.61538461538464 129.23076923076923 1
324.61538461538464 129.23076923076923 1
324.61538461538464 129.23076923076923 1
324.61538461538464 129.23076923076923 1
324.61538461538464 129.23076923076923 1
326.15384615384613 130.38461538461542 1
326.15384615384613 130.38461538461542 1
326.15384615384613 130.38461538461542 1
326.15384615384613 130.38461538461542 1
326.15384615384613 130.38461538461542 1
324.61538461538464 130.38461538461542 1
324.61538461538464 130.38461538461542 1
323.07692307692315 131.53846153846158 1
323.07692307692315 131.53846153846158 1
323.07692307692315 131.53846153846158 1
323.07692307692315 131.53846153846158 1
335.38461538461536 118.84615384615385 1
367.6923076923077 91.15384615384615 1
381.5384615384616 83.07692307692308 1
383.07692307692315 79.61538461538461 1
383.07692307692315 83.07692307692308 1
383.07692307692315 83.07692307692308 1
383.07692307692315 83.07692307692308 1
383.07692307692315 83.07692307692308 1
383.07692307692315 83.07692307692308 1
383.07692307692315 80.76923076923076 1
381.5384615384616 80.76923076923076 1
358.46153846153845 115.3846153846154 1
312.3076923076923 177.6923076923077 1
278.46153846153845 228.46153846153842 1
275.38461538461536 249.23076923076923 1
275.38461538461536 245.7692307692308 1
275.38461538461536 245.7692307692308 1
275.38461538461536 245.7692307692308 1
275.38461538461536 245.7692307692308 1
275.38461538461536 245.7692307692308 1
273.84615384615387 249.23076923076923 1
284.61538461538464 252.6923076923077 1
278.46153846153845 249.23076923076923 1
281.53846153846155 249.23076923076923 1
284.61538461538464 252.6923076923077 1
284.61538461538464 252.6923076923077 1
284.61538461538464 252.6923076923077 1
284.61538461538464 252.6923076923077 1
284.61538461538464 252.6923076923077 1
284.61538461538464 252.6923076923077 1
284.61538461538464 252.6923076923077 1
284.61538461538464 252.6923076923077 1
284.61538461538464 252.6923076923077 1
284.61538461538464 252.6923076923077 1
284.61538461538464 252.6923076923077 1
284.61538461538464 252.6923076923077 1
284.61538461538464 252.6923076923077 1
284.61538461538464 252.6923076923077 1
284.61538461538464 252.6923076923077 1
284.61538461538464 252.6923076923077 1
284.61538461538464 252.6923076923077 1
275.38461538461536 251.53846153846158 1
272.3076923076923 212.3076923076923 0
267.6923076923077 200.7692307692308 0
286.15384615384613 146.53846153846158 0
287.6923076923077 115.3846153846154 1
313.84615384615387 99.23076923076924 1
324.61538461538464 91.15384615384615 1
320.0 91.15384615384615 1
320.0 91.15384615384615 1
320.0 91.15384615384615 1
318.46153846153845 91.15384615384615 1
318.46153846153845 93.46153846153848 1
318.46153846153845 96.92307692307692 1
321.53846153846155 95.76923076923076 1
378.46153846153845 91.15384615384615 1
401.5384615384616 91.15384615384615 1
407.6923076923077 93.46153846153848 1
407.6923076923077 93.46153846153848 1
404.6153846153846 93.46153846153848 1
404.6153846153846 95.76923076923076 1
404.6153846153846 95.76923076923076 1
400.0 98.07692307692308 1
400.0 98.07692307692308 1
355.3846153846154 95.76923076923076 1
310.76923076923083 98.07692307692308 1
283.07692307692315 99.23076923076924 1
278.46153846153845 100.3846153846154 1
244.61538461538458 108.46153846153848 1
204.61538461538458 122.30769230769229 1
172.3076923076923 138.46153846153842 1
155.38461538461542 148.84615384615384 1
143.0769230769231 163.84615384615384 1
135.38461538461542 165.0 1
135.38461538461542 163.84615384615384 1
135.38461538461542 163.84615384615384 1
140.0 161.53846153846158 1
140.0 161.53846153846158 1
140.0 161.53846153846158 1
127.69230769230771 175.38461538461542 1
129.23076923076923 176.53846153846158 1
129.23076923076923 176.53846153846158 1
129.23076923076923 176.53846153846158 1
130.76923076923077 176.53846153846158 1
130.76923076923077 176.53846153846158 1
132.30769230769232 176.53846153846158 1
135.38461538461542 176.53846153846158 1
135.38461538461542 176.53846153846158 1
135.38461538461542 175.38461538461542 1
135.38461538461542 175.38461538461542 1
135.38461538461542 175.38461538461542 1
135.38461538461542 174.23076923076923 1
135.38461538461542 174.23076923076923 1
135.38461538461542 174.23076923076923 1
135.38461538461542 174.23076923076923 1
135.38461538461542 174.23076923076923 1
135.38461538461542 174.23076923076923 1
135.38461538461542 174.23076923076923 1
135.38461538461542 174.23076923076923 1
136.9230769230769 173.0769230769231 1
135.38461538461542 173.0769230769231 1
135.38461538461542 173.0769230769231 1
135.38461538461542 173.0769230769231 1
135.38461538461542 173.0769230769231 1
135.38461538461542 173.0769230769231 1
135.38461538461542 173.0769230769231 1
135.38461538461542 173.0769230769231 1
135.38461538461542 173.0769230769231 1
135.38461538461542 173.0769230769231 1
135.38461538461542 173.0769230769231 1
135.38461538461542 173.0769230769231 1
135.38461538461542 173.0769230769231 1
135.38461538461542 175.38461538461542 1
135.38461538461542 176.53846153846158 1
135.38461538461542 176.53846153846158 1
132.30769230769232 176.53846153846158 1
132.30769230769232 176.53846153846158 1
132.30769230769232 176.53846153846158 1
132.30769230769232 176.53846153846158 1
132.30769230769232 176.53846153846158 1
132.30769230769232 176.53846153846158 1
132.30769230769232 176.53846153846158 1
135.38461538461542 175.38461538461542 1
140.0 167.30769230769232 1
189.23076923076923 131.53846153846158 1
240.0 103.84615384615385 1
287.6923076923077 84.23076923076924 1
333.84615384615387 70.38461538461539 1
378.46153846153845 68.07692307692308 1
409.23076923076917 80.76923076923076 1
447.6923076923077 88.84615384615385 1
469.23076923076917 95.76923076923076 1
478.46153846153845 105.0 1
475.3846153846154 103.84615384615385 1
475.3846153846154 102.69230769230771 1
478.46153846153845 103.84615384615385 1
495.3846153846154 118.84615384615385 1
509.23076923076917 128.0769230769231 1
