186.15384615384616 183.46153846153845
186.15384615384616 181.15384615384616
186.15384615384616 181.15384615384616
186.15384615384616 181.15384615384616
186.15384615384616 181.15384615384616
180.0 182.30769230769232
230.76923076923077 156.92307692307693
286.15384615384613 136.15384615384616
289.2307692307692 136.15384615384616
289.2307692307692 136.15384615384616
289.2307692307692 136.15384615384616
289.2307692307692 131.53846153846155
289.2307692307692 141.92307692307693
300.0 183.46153846153845
300.0 181.15384615384616
300.0 181.15384615384616
300.0 180.0
296.9230769230769 180.0
296.9230769230769 180.0
296.9230769230769 180.0
296.9230769230769 180.0
296.9230769230769 180.0
300.0 171.92307692307693
293.84615384615387 140.76923076923077
293.84615384615387 140.76923076923077
293.84615384615387 140.76923076923077
293.84615384615387 140.76923076923077
293.84615384615387 140.76923076923077
293.84615384615387 140.76923076923077
293.84615384615387 140.76923076923077
293.84615384615387 140.76923076923077
293.84615384615387 140.76923076923077
293.84615384615387 140.76923076923077
293.84615384615387 140.76923076923077
293.84615384615387 140.76923076923077
272.3076923076923 131.53846153846155
344.61538461538464 116.53846153846153
424.61538461538464 148.84615384615384
436.9230769230769 158.07692307692307
449.2307692307692 175.3846153846154
446.15384615384613 174.23076923076923
446.15384615384613 174.23076923076923
453.84615384615387 196.15384615384616
453.84615384615387 193.84615384615384
453.84615384615387 193.84615384615384
453.84615384615387 193.84615384615384
401.53846153846155 197.30769230769232
266.15384615384613 176.53846153846155
203.07692307692307 185.76923076923077
173.84615384615384 196.15384615384616
173.84615384615384 196.15384615384616
173.84615384615384 196.15384615384616
173.84615384615384 193.84615384615384
173.84615384615384 193.84615384615384
173.84615384615384 193.84615384615384
173.84615384615384 193.84615384615384
163.07692307692307 193.84615384615384
164.6153846153846 182.30769230769232
178.46153846153845 171.92307692307693
318.46153846153845 114.23076923076923
343.0769230769231 115.38461538461539
343.0769230769231 115.38461538461539
395.38461538461536 132.69230769230768
387.6923076923077 129.23076923076923
387.6923076923077 129.23076923076923
409.2307692307692 141.92307692307693
449.2307692307692 181.15384615384616
447.6923076923077 178.84615384615384
447.6923076923077 176.53846153846155
327.6923076923077 169.6153846153846
273.84615384615387 183.46153846153845
280.0 180.0
280.0 180.0
260.0 248.07692307692307
256.9230769230769 242.30769230769232
227.69230769230768 197.30769230769232
221.53846153846155 155.76923076923077
213.84615384615384 141.92307692307693
207.69230769230768 137.30769230769232
207.69230769230768 137.30769230769232
207.69230769230768 137.30769230769232
207.69230769230768 137.30769230769232
210.76923076923077 135.0
281.53846153846155 108.46153846153847
281.53846153846155 107.3076923076923
333.84615384615387 106.15384615384616
413.84615384615387 132.69230769230768
436.9230769230769 153.46153846153845
446.15384615384613 163.84615384615384
450.7692307692308 169.6153846153846
453.84615384615387 197.30769230769232
429.2307692307692 204.23076923076923
429.2307692307692 200.76923076923077
429.2307692307692 200.76923076923077
429.2307692307692 200.76923076923077
429.2307692307692 201.92307692307693
347.6923076923077 180.0
292.3076923076923 152.30769230769232
292.3076923076923 152.30769230769232
292.3076923076923 152.30769230769232
292.3076923076923 152.30769230769232
272.3076923076923 144.23076923076923
269.2307692307692 139.6153846153846
269.2307692307692 139.6153846153846
269.2307692307692 139.6153846153846
269.2307692307692 139.6153846153846
269.2307692307692 139.6153846153846
269.2307692307692 139.6153846153846
269.2307692307692 139.6153846153846
269.2307692307692 139.6153846153846
269.2307692307692 139.6153846153846
269.2307692307692 139.6153846153846
260.0 140.76923076923077
221.53846153846155 165.0
178.46153846153845 207.69230769230768
156.92307692307693 231.92307692307693
155.3846153846154 228.46153846153845
158.46153846153845 227.30769230769232
158.46153846153845 222.69230769230768
158.46153846153845 222.69230769230768
149.23076923076923 228.46153846153845
149.23076923076923 228.46153846153845
149.23076923076923 226.15384615384616
184.6153846153846 176.53846153846155
181.53846153846155 180.0
181.53846153846155 180.0
283.0769230769231 138.46153846153845
316.9230769230769 131.53846153846155
316.9230769230769 131.53846153846155
346.15384615384613 132.69230769230768
346.15384615384613 132.69230769230768
346.15384615384613 132.69230769230768
346.15384615384613 132.69230769230768
346.15384615384613 132.69230769230768
375.38461538461536 140.76923076923077
432.3076923076923 176.53846153846155
427.6923076923077 174.23076923076923
427.6923076923077 174.23076923076923
427.6923076923077 174.23076923076923
427.6923076923077 174.23076923076923
427.6923076923077 174.23076923076923
427.6923076923077 174.23076923076923
403.0769230769231 169.6153846153846
318.46153846153845 158.07692307692307
227.69230769230768 173.07692307692307
226.15384615384616 173.07692307692307
226.15384615384616 168.46153846153845
227.69230769230768 167.30769230769232
207.69230769230768 170.76923076923077
189.23076923076923 181.15384615384616
180.0 182.30769230769232
180.0 182.30769230769232
180.0 182.30769230769232
286.15384615384613 122.3076923076923
286.15384615384613 122.3076923076923
284.61538461538464 122.3076923076923
284.61538461538464 122.3076923076923
363.0769230769231 133.84615384615384
380.0 132.69230769230768
380.0 132.69230769230768
380.0 132.69230769230768
380.0 132.69230769230768
380.0 132.69230769230768
380.0 132.69230769230768
380.0 132.69230769230768
380.0 132.69230769230768
363.0769230769231 131.53846153846155
253.84615384615384 137.30769230769232
220.0 158.07692307692307
212.30769230769232 158.07692307692307
212.30769230769232 158.07692307692307
200.0 162.69230769230768
180.0 182.30769230769232
180.0 181.15384615384616
180.0 181.15384615384616
180.0 181.15384615384616
156.92307692307693 207.69230769230768
156.92307692307693 200.76923076923077
156.92307692307693 200.76923076923077
224.6153846153846 177.69230769230768
240.0 174.23076923076923
240.0 174.23076923076923
240.0 171.92307692307693
240.0 171.92307692307693
240.0 171.92307692307693
240.0 171.92307692307693
303.0769230769231 185.76923076923077
303.0769230769231 185.76923076923077
303.0769230769231 185.76923076923077
290.7692307692308 183.46153846153845
290.7692307692308 183.46153846153845
290.7692307692308 183.46153846153845
295.38461538461536 178.84615384615384
295.38461538461536 178.84615384615384
295.38461538461536 178.84615384615384
295.38461538461536 178.84615384615384
