199.61538461538458 0.9549871999999999 0
199.61538461538458 0.95484906 0
199.61538461538458 0.9561463 0
198.46153846153842 0.9570291 0
198.46153846153842 0.957534 0
198.46153846153842 0.9571476999999999 0
198.46153846153842 0.9569683000000001 0
198.46153846153842 0.95794815 0
198.46153846153842 0.95825493 0
198.46153846153842 0.9577225 0
198.46153846153842 0.95718855 0
198.46153846153842 0.9572508 0
198.46153846153842 0.95801276 0
198.46153846153842 0.9577459999999999 0
198.46153846153842 0.95753556 0
198.46153846153842 0.9576452 0
198.46153846153842 0.95868504 0
198.46153846153842 0.9561801 0
200.7692307692308 0.95192266 0
200.7692307692308 0.9495439 0
199.61538461538458 0.9530145000000001 0
198.46153846153842 0.9588475000000001 0
197.3076923076923 0.9599127000000001 0
198.46153846153842 0.9597619000000001 0
198.46153846153842 0.9596710999999999 0
197.3076923076923 0.9602828000000001 0
197.3076923076923 0.9601509 0
198.46153846153842 0.9585670000000001 0
198.46153846153842 0.95844525 0
198.46153846153842 0.9597158000000001 0
197.3076923076923 0.9602236999999999 0
197.3076923076923 0.95996124 0
198.46153846153842 0.9592187 0
199.61538461538458 0.95615107 0
199.61538461538458 0.95366305 0
199.61538461538458 0.95361847 0
198.46153846153842 0.95677966 0
198.46153846153842 0.9569696 0
198.46153846153842 0.9576289000000001 0
198.46153846153842 0.95718175 0
198.46153846153842 0.95663154 0
199.61538461538458 0.9536108 0
199.61538461538458 0.9534541 0
200.7692307692308 0.9515146000000001 0
200.7692307692308 0.9524037000000001 0
200.7692307692308 0.9509631 0
200.7692307692308 0.9507781 0
200.7692307692308 0.9490565000000001 0
201.9230769230769 0.94765383 0
201.9230769230769 0.94619083 0
203.0769230769231 0.94325626 0
203.0769230769231 0.9417171999999999 0
203.0769230769231 0.943282 0
201.9230769230769 0.9468333000000001 0
200.7692307692308 0.9484881 0
200.7692307692308 0.9510818000000001 0
199.61538461538458 0.9547882 0
200.7692307692308 0.9518828000000001 0
200.7692307692308 0.9491835 0
200.7692307692308 0.94839597 0
201.9230769230769 0.94664407 0
201.9230769230769 0.94428015 0
201.9230769230769 0.9454111999999999 0
201.9230769230769 0.9433884 0
201.9230769230769 0.94430447 0
201.9230769230769 0.94392824 0
203.0769230769231 0.94132984 0
201.9230769230769 0.9447305 0
201.9230769230769 0.94442034 0
201.9230769230769 0.9439511999999999 0
201.9230769230769 0.9469609 0
201.9230769230769 0.9447332 0
200.7692307692308 0.9483786 0
200.7692307692308 0.9492187 0
201.9230769230769 0.9476311 0
201.9230769230769 0.9461113000000001 0
200.7692307692308 0.9518747999999999 0
200.7692307692308 0.95060444 0
200.7692307692308 0.94879633 0
201.9230769230769 0.9471736 0
201.9230769230769 0.943758 0
199.61538461538458 0.9547743000000001 0
199.61538461538458 0.95567745 0
198.46153846153842 0.95659345 0
199.61538461538458 0.95492953 0
198.46153846153842 0.9573915000000001 0
198.46153846153842 0.9564347 0
199.61538461538458 0.95336735 0
198.46153846153842 0.9575264000000001 0
199.61538461538458 0.95530176 0
199.61538461538458 0.95250547 0
200.7692307692308 0.95139265 0
200.7692307692308 0.9510119 0
200.7692307692308 0.9496509 0
199.61538461538458 0.9555082 0
198.46153846153842 0.95636886 0
198.46153846153842 0.9577271 0
198.46153846153842 0.95855236 0
198.46153846153842 0.9585831 0
198.46153846153842 0.95798117 0
198.46153846153842 0.9584978000000001 0
198.46153846153842 0.95776415 0
199.61538461538458 0.9537770000000001 0
198.46153846153842 0.95687824 0
198.46153846153842 0.9573030999999999 0
198.46153846153842 0.9573284 0
198.46153846153842 0.95773417 0
198.46153846153842 0.9568118 0
198.46153846153842 0.9569338 0
198.46153846153842 0.95653975 0
198.46153846153842 0.9561738000000001 0
198.46153846153842 0.9568063 0
198.46153846153842 0.9568859000000001 0
198.46153846153842 0.9566804 0
198.46153846153842 0.9571775 0
198.46153846153842 0.956 0
198.46153846153842 0.9576934000000001 0
198.46153846153842 0.9586502 0
198.46153846153842 0.9587771999999999 0
198.46153846153842 0.95927846 0
198.46153846153842 0.95776045 0
199.61538461538458 0.95589954 0
199.61538461538458 0.9559941999999999 0
199.61538461538458 0.9554684999999999 0
199.61538461538458 0.95297194 0
198.46153846153842 0.95820636 0
198.46153846153842 0.95828956 0
198.46153846153842 0.9583619000000001 0
198.46153846153842 0.95823216 0
198.46153846153842 0.9579479 0
198.46153846153842 0.956938 0
199.61538461538458 0.9554039000000001 0
198.46153846153842 0.9569360999999998 0
199.61538461538458 0.95561343 0
198.46153846153842 0.9567346999999999 0
198.46153846153842 0.9581545 0
198.46153846153842 0.9567505999999999 0
200.7692307692308 0.9513483 0
200.7692307692308 0.9488405999999999 0
200.7692307692308 0.94967765 0
200.7692307692308 0.94902915 0
198.46153846153842 0.95675623 0
198.46153846153842 0.9575878000000001 0
198.46153846153842 0.95802546 0
198.46153846153842 0.9586014 0
198.46153846153842 0.9589234000000001 0
198.46153846153842 0.95903563 0
198.46153846153842 0.9580863000000002 0
198.46153846153842 0.95826054 0
198.46153846153842 0.95815647 0
198.46153846153842 0.95806867 0
198.46153846153842 0.9585298000000001 0
198.46153846153842 0.9583006 0
198.46153846153842 0.95772666 0
198.46153846153842 0.9577048 0
198.46153846153842 0.9576572 0
198.46153846153842 0.9561071 0
198.46153846153842 0.9579094000000001 0
198.46153846153842 0.95790154 0
198.46153846153842 0.9568683000000001 0
198.46153846153842 0.9573924000000001 0
198.46153846153842 0.9577505 0
198.46153846153842 0.95793676 0
198.46153846153842 0.95789385 0
198.46153846153842 0.95770687 0
199.61538461538458 0.95577896 0
198.46153846153842 0.9569969000000002 0
198.46153846153842 0.9576469999999999 0
198.46153846153842 0.9576964 0
198.46153846153842 0.95689976 0
198.46153846153842 0.95615804 0
199.61538461538458 0.95588076 0
198.46153846153842 0.95636094 0
198.46153846153842 0.95652896 0
198.46153846153842 0.95663196 0
199.61538461538458 0.95608866 0
198.46153846153842 0.9565134 0
199.61538461538458 0.9560190999999999 0
198.46153846153842 0.956543 0
199.61538461538458 0.95601696 0
198.46153846153842 0.9573802 0
198.46153846153842 0.9576593000000001 0
198.46153846153842 0.9579795 0
198.46153846153842 0.9584535 0
198.46153846153842 0.9579618000000001 0
198.46153846153842 0.95664537 0
199.61538461538458 0.9556914000000001 0
198.46153846153842 0.9560821 0
198.46153846153842 0.95627075 0
198.46153846153842 0.95665836 0
198.46153846153842 0.9566015 0
198.46153846153842 0.9563531999999999 0
199.61538461538458 0.9551219999999999 0
199.61538461538458 0.9547206 0
199.61538461538458 0.95555323 0
198.46153846153842 0.9562668 0
198.46153846153842 0.9577136999999999 0
198.46153846153842 0.95809627 0
198.46153846153842 0.95797396 0
198.46153846153842 0.9574265 0
198.46153846153842 0.9565329 0
200.7692307692308 0.95130885 0
200.7692307692308 0.9476078000000001 0
201.9230769230769 0.94367963 0
199.61538461538458 0.9541122999999999 0
198.46153846153842 0.95696187 0
198.46153846153842 0.95715404 0
198.46153846153842 0.9571896000000001 0
198.46153846153842 0.9586290000000001 0
198.46153846153842 0.95867836 0
198.46153846153842 0.95886934 0
198.46153846153842 0.9588773000000002 0
198.46153846153842 0.9587604999999999 0
198.46153846153842 0.95912313 0
198.46153846153842 0.95871174 0
198.46153846153842 0.95890135 0
198.46153846153842 0.9582871 0
198.46153846153842 0.95859903 0
198.46153846153842 0.95826447 0
198.46153846153842 0.95862085 0
198.46153846153842 0.9582099000000001 0
198.46153846153842 0.95652974 0
198.46153846153842 0.95691013 0
198.46153846153842 0.95778966 0
198.46153846153842 0.95748156 0
198.46153846153842 0.95612025 0
198.46153846153842 0.9567834000000001 0
198.46153846153842 0.95697635 0
199.61538461538458 0.9543181000000001 0
199.61538461538458 0.95541406 0
198.46153846153842 0.9572914 0
198.46153846153842 0.95810777 0
198.46153846153842 0.9582888 0
198.46153846153842 0.95828354 0
198.46153846153842 0.9581769 0
198.46153846153842 0.9580209999999999 0
198.46153846153842 0.9579105 0
198.46153846153842 0.95758575 0
198.46153846153842 0.957161 0
198.46153846153842 0.9576053 0
198.46153846153842 0.956427 0
199.61538461538458 0.9560214 0
198.46153846153842 0.9573335 0
199.61538461538458 0.9561333000000001 0
199.61538461538458 0.95588285 0
199.61538461538458 0.95510286 0
199.61538461538458 0.9553258 0
198.46153846153842 0.9564052 0
198.46153846153842 0.9573200000000001 0
198.46153846153842 0.95746046 0
198.46153846153842 0.95856136 0
198.46153846153842 0.95930004 0
197.3076923076923 0.9604454 0
197.3076923076923 0.9610550999999999 0
197.3076923076923 0.9598542 0
197.3076923076923 0.9601301999999999 0
198.46153846153842 0.95955056 0
198.46153846153842 0.95934963 0
198.46153846153842 0.9592075999999999 0
198.46153846153842 0.95809925 0
198.46153846153842 0.9586737 0
198.46153846153842 0.9591568000000001 0
198.46153846153842 0.9586034 0
198.46153846153842 0.9587346 0
198.46153846153842 0.9581930000000001 0
198.46153846153842 0.9580257999999999 0
198.46153846153842 0.95713973 0
198.46153846153842 0.95794815 0
198.46153846153842 0.9588572 0
198.46153846153842 0.95977473 0
197.3076923076923 0.9613275 0
197.3076923076923 0.96086866 0
197.3076923076923 0.96026903 0
198.46153846153842 0.9587950000000001 0
198.46153846153842 0.95886976 0
198.46153846153842 0.95921767 0
198.46153846153842 0.95797086 0
198.46153846153842 0.95802337 0
198.46153846153842 0.9581120999999999 0
198.46153846153842 0.9565353000000001 0
198.46153846153842 0.95715076 0
198.46153846153842 0.9586587 0
198.46153846153842 0.9594754000000001 0
198.46153846153842 0.9597780999999999 0
198.46153846153842 0.95952904 0
198.46153846153842 0.9589831 0
198.46153846153842 0.95820636 0
198.46153846153842 0.95633936 0
199.61538461538458 0.9558760000000001 0
198.46153846153842 0.95638186 0
198.46153846153842 0.9563558000000001 0
199.61538461538458 0.95609 0
199.61538461538458 0.9560267 0
198.46153846153842 0.95681506 0
199.61538461538458 0.95601904 0
199.61538461538458 0.95584023 0
199.61538461538458 0.95605946 0
199.61538461538458 0.9530579 0
198.46153846153842 0.9565978 0
198.46153846153842 0.95690554 0
198.46153846153842 0.9579639000000001 0
198.46153846153842 0.9578582 0
198.46153846153842 0.95734596 0
198.46153846153842 0.95743936 0
198.46153846153842 0.95749533 0
198.46153846153842 0.95698357 0
198.46153846153842 0.95641696 0
199.61538461538458 0.9540940999999998 0
199.61538461538458 0.95550686 0
199.61538461538458 0.95528316 0
198.46153846153842 0.9568955 0
198.46153846153842 0.9569993 0
198.46153846153842 0.957683 0
198.46153846153842 0.9581671 0
198.46153846153842 0.9584447 0
198.46153846153842 0.95856726 0
198.46153846153842 0.9585725 0
198.46153846153842 0.9582171 0
198.46153846153842 0.9580773000000001 0
198.46153846153842 0.9575834000000001 0
198.46153846153842 0.9563491 0
199.61538461538458 0.95571697 0
199.61538461538458 0.95572186 0
199.61538461538458 0.95490074 0
198.46153846153842 0.95629084 0
198.46153846153842 0.95719653 0
198.46153846153842 0.95675427 0
198.46153846153842 0.9563115 0
199.61538461538458 0.95455736 0
199.61538461538458 0.9545554 0
199.61538461538458 0.9529805 0
199.61538461538458 0.95517516 0
199.61538461538458 0.9534026 0
199.61538461538458 0.9560953000000001 0
198.46153846153842 0.9574335999999999 0
198.46153846153842 0.957895 0
198.46153846153842 0.95761144 0
198.46153846153842 0.9567918 0
198.46153846153842 0.95651895 0
199.61538461538458 0.9555684999999999 0
198.46153846153842 0.9569098 0
198.46153846153842 0.9579116 0
198.46153846153842 0.9582251 0
198.46153846153842 0.959067 0
198.46153846153842 0.9596433000000001 0
198.46153846153842 0.9597926999999999 0
198.46153846153842 0.95873994 0
198.46153846153842 0.95673406 0
199.61538461538458 0.95338386 0
200.7692307692308 0.9516167 0
200.7692307692308 0.9506165999999999 0
199.61538461538458 0.95518494 0
198.46153846153842 0.9566207 0
198.46153846153842 0.95761514 0
198.46153846153842 0.95774186 0
198.46153846153842 0.9581755999999999 0
198.46153846153842 0.9584212999999999 0
198.46153846153842 0.9585071 0
198.46153846153842 0.95818436 0
198.46153846153842 0.9585669 0
198.46153846153842 0.95908594 0
198.46153846153842 0.9585003000000001 0
198.46153846153842 0.95897686 0
198.46153846153842 0.9581069999999999 0
198.46153846153842 0.9572379999999999 0
198.46153846153842 0.95768565 0
198.46153846153842 0.95722187 0
198.46153846153842 0.9571559000000001 0
198.46153846153842 0.9573736999999999 0
198.46153846153842 0.95716286 0
198.46153846153842 0.9571421 0
198.46153846153842 0.95685905 0
198.46153846153842 0.9564526 0
198.46153846153842 0.9562567 0
199.61538461538458 0.9559663 0
198.46153846153842 0.95636183 0
199.61538461538458 0.9560562 0
199.61538461538458 0.9556065999999999 0
199.61538461538458 0.955672 0
199.61538461538458 0.9546449 0
199.61538461538458 0.9543434999999999 0
199.61538461538458 0.95366824 0
199.61538461538458 0.9558244 0
199.61538461538458 0.9554668 0
198.46153846153842 0.9563314 0
199.61538461538458 0.9557329 0
200.7692307692308 0.95138747 0
200.7692307692308 0.9479927 0
199.61538461538458 0.9532715 0
198.46153846153842 0.95693 0
198.46153846153842 0.95847875 0
198.46153846153842 0.95885926 0
198.46153846153842 0.9588648999999999 0
198.46153846153842 0.9586379 0
198.46153846153842 0.95873487 0
198.46153846153842 0.9574983 0
198.46153846153842 0.9581103999999999 0
198.46153846153842 0.95958924 0
198.46153846153842 0.9596919 0
198.46153846153842 0.9594081 0
198.46153846153842 0.9592031999999999 0
198.46153846153842 0.95831573 0
198.46153846153842 0.9579957 0
198.46153846153842 0.9584077 0
198.46153846153842 0.95824564 0
198.46153846153842 0.9571833000000001 0
198.46153846153842 0.9577249 0
198.46153846153842 0.9588304 0
198.46153846153842 0.9588484 0
198.46153846153842 0.95919466 0
198.46153846153842 0.95917183 0
198.46153846153842 0.9590728000000001 0
198.46153846153842 0.9589818000000001 0
198.46153846153842 0.95933133 0
198.46153846153842 0.95918345 0
198.46153846153842 0.9593533999999999 0
198.46153846153842 0.95888567 0
198.46153846153842 0.9571881999999999 0
199.61538461538458 0.9560088999999999 0
199.61538461538458 0.9553815000000001 0
199.61538461538458 0.9534394 0
199.61538461538458 0.9559141999999999 0
198.46153846153842 0.9568719000000001 0
198.46153846153842 0.95714325 0
198.46153846153842 0.95803785 0
198.46153846153842 0.95840484 0
198.46153846153842 0.958778 0
198.46153846153842 0.9595229999999999 0
198.46153846153842 0.95922023 0
198.46153846153842 0.9593356 0
197.3076923076923 0.95994014 0
197.3076923076923 0.96010935 0
197.3076923076923 0.9603789 0
197.3076923076923 0.96047986 0
197.3076923076923 0.9603108 0
198.46153846153842 0.9590088999999999 0
198.46153846153842 0.9572354999999999 0
199.61538461538458 0.9557542 0
200.7692307692308 0.9498030999999999 0
198.46153846153842 0.9572864 0
198.46153846153842 0.95834297 0
198.46153846153842 0.9594514000000001 0
198.46153846153842 0.95967484 0
197.3076923076923 0.9600824 0
197.3076923076923 0.9602914 0
197.3076923076923 0.96045685 0
197.3076923076923 0.9602298 0
197.3076923076923 0.9601521999999999 0
197.3076923076923 0.9603027 0
197.3076923076923 0.96035206 0
197.3076923076923 0.9602681999999999 0
197.3076923076923 0.96039957 0
197.3076923076923 0.9601274 0
198.46153846153842 0.95990545 0
197.3076923076923 0.9601743 0
198.46153846153842 0.95869476 0
198.46153846153842 0.95752656 0
198.46153846153842 0.95725495 0
198.46153846153842 0.95746374 0
198.46153846153842 0.95743436 0
198.46153846153842 0.95689845 0
198.46153846153842 0.9562806 0
199.61538461538458 0.9555133 0
199.61538461538458 0.95520407 0
199.61538461538458 0.9544098 0
199.61538461538458 0.95319825 0
199.61538461538458 0.9553775 0
199.61538461538458 0.9547424000000001 0
199.61538461538458 0.9554309000000001 0
199.61538461538458 0.95537555 0
199.61538461538458 0.95582825 0
198.46153846153842 0.95667714 0
198.46153846153842 0.9571132 0
198.46153846153842 0.9585911 0
198.46153846153842 0.95917183 0
198.46153846153842 0.95949745 0
198.46153846153842 0.95933837 0
198.46153846153842 0.95971745 0
198.46153846153842 0.9598068000000001 0
198.46153846153842 0.9598791999999999 0
197.3076923076923 0.9601463 0
197.3076923076923 0.9600688 0
197.3076923076923 0.96034527 0
198.46153846153842 0.95979375 0
197.3076923076923 0.9602164000000001 0
197.3076923076923 0.96019137 0
198.46153846153842 0.9589690000000001 0
198.46153846153842 0.95896983 0
198.46153846153842 0.9577894 0
198.46153846153842 0.95634073 0
199.61538461538458 0.9559291999999999 0
199.61538461538458 0.95346904 0
199.61538461538458 0.95443714 0
199.61538461538458 0.9559724 0
199.61538461538458 0.9554469000000001 0
199.61538461538458 0.95494074 0
199.61538461538458 0.9520225 0
199.61538461538458 0.95281035 0
200.7692307692308 0.951362 0
199.61538461538458 0.954305 0
198.46153846153842 0.95644957 0
198.46153846153842 0.9578357 0
198.46153846153842 0.9586792 0
198.46153846153842 0.95777345 0
198.46153846153842 0.95742244 0
198.46153846153842 0.95763993 0
198.46153846153842 0.95684856 0
198.46153846153842 0.9564171999999999 0
198.46153846153842 0.95732737 0
198.46153846153842 0.9577540999999999 0
198.46153846153842 0.9573475 0
198.46153846153842 0.9567551999999999 0
198.46153846153842 0.95766824 0
198.46153846153842 0.958799 0
198.46153846153842 0.9587945 0
198.46153846153842 0.9587851999999999 0
198.46153846153842 0.95838416 0
198.46153846153842 0.9582927 0
198.46153846153842 0.957642 0
198.46153846153842 0.9566376 0
198.46153846153842 0.9571048000000001 0
198.46153846153842 0.9566003000000001 0
198.46153846153842 0.9565652 0
198.46153846153842 0.95633084 0
198.46153846153842 0.9570375 0
198.46153846153842 0.95676225 0
198.46153846153842 0.95678884 0
198.46153846153842 0.9566313 0
198.46153846153842 0.9566899999999999 0
198.46153846153842 0.95665985 0
198.46153846153842 0.9564481 0
198.46153846153842 0.95671237 0
198.46153846153842 0.95688 0
198.46153846153842 0.9565746999999999 0
198.46153846153842 0.95654565 0
198.46153846153842 0.95651776 0
198.46153846153842 0.95667875 0
198.46153846153842 0.95672876 0
198.46153846153842 0.956715 0
198.46153846153842 0.9564531999999999 0
198.46153846153842 0.95634544 0
198.46153846153842 0.95622087 0
198.46153846153842 0.95655483 0
198.46153846153842 0.9562826999999999 0
198.46153846153842 0.9562293 0
198.46153846153842 0.95646614 0
198.46153846153842 0.9565145 0
198.46153846153842 0.9564475 0
198.46153846153842 0.95668095 0
198.46153846153842 0.956656 0
198.46153846153842 0.9567766 0
198.46153846153842 0.956584 0
198.46153846153842 0.956466 0
198.46153846153842 0.9564028 0
198.46153846153842 0.95642626 0
198.46153846153842 0.9564493000000001 0
198.46153846153842 0.9561366 0
198.46153846153842 0.9561896000000001 0
198.46153846153842 0.95673406 0
198.46153846153842 0.9565184000000001 0
198.46153846153842 0.9567950999999999 0
198.46153846153842 0.9565483 0
198.46153846153842 0.95618606 0
198.46153846153842 0.956418 0
198.46153846153842 0.9563233 0
198.46153846153842 0.95625985 0
198.46153846153842 0.9563427999999999 0
199.61538461538458 0.9560654000000001 0
199.61538461538458 0.95608485 0
199.61538461538458 0.955728 0
199.61538461538458 0.95503414 0
199.61538461538458 0.95545965 0
199.61538461538458 0.9553613000000001 0
199.61538461538458 0.9553389000000001 0
199.61538461538458 0.95483345 0
199.61538461538458 0.95475304 0
199.61538461538458 0.9547139000000001 0
199.61538461538458 0.9540681999999999 0
199.61538461538458 0.95389533 0
199.61538461538458 0.95356524 0
199.61538461538458 0.9529594000000001 0
199.61538461538458 0.9525513000000001 0
199.61538461538458 0.95260733 0
200.7692307692308 0.95229334 0
200.7692307692308 0.95226187 0
200.7692307692308 0.9519466000000001 0
200.7692307692308 0.95135814 0
200.7692307692308 0.9509726999999999 0
200.7692307692308 0.95135427 0
200.7692307692308 0.95126987 0
200.7692307692308 0.95184195 0
200.7692307692308 0.9508359000000001 0
200.7692307692308 0.95118207 0
200.7692307692308 0.9500994 0
200.7692307692308 0.94988495 0
200.7692307692308 0.95027846 0
200.7692307692308 0.9500767 0
200.7692307692308 0.9497473 0
200.7692307692308 0.9500414 0
200.7692307692308 0.94970906 0
200.7692307692308 0.9503360999999999 0
200.7692307692308 0.94964623 0
200.7692307692308 0.94973546 0
200.7692307692308 0.94874954 0
200.7692307692308 0.9487296999999999 0
200.7692307692308 0.94856304 0
201.9230769230769 0.94651365 0
201.9230769230769 0.9479094000000001 0
201.9230769230769 0.9472796999999998 0
200.7692307692308 0.9486761999999999 0
200.7692307692308 0.950299 0
200.7692307692308 0.9506473 0
200.7692307692308 0.9518194999999999 0
200.7692307692308 0.9512702 0
200.7692307692308 0.9517398000000001 0
200.7692307692308 0.9520439 0
200.7692307692308 0.95203817 0
200.7692307692308 0.9517471 0
200.7692307692308 0.9504599 0
200.7692307692308 0.94914424 0
200.7692307692308 0.9489895 0
201.9230769230769 0.9478270000000001 0
201.9230769230769 0.9478903000000001 0
201.9230769230769 0.94765466 0
201.9230769230769 0.9474611999999999 0
201.9230769230769 0.9478208 0
201.9230769230769 0.9478503 0
201.9230769230769 0.9474265 0
201.9230769230769 0.9475316999999999 0
201.9230769230769 0.94808567 0
200.7692307692308 0.94896483 0
200.7692307692308 0.94982433 0
200.7692307692308 0.94969046 0
200.7692307692308 0.94865143 0
200.7692307692308 0.95041233 0
200.7692307692308 0.95131445 0
199.61538461538458 0.9526515999999999 0
199.61538461538458 0.9530136999999999 0
199.61538461538458 0.9529976000000001 0
199.61538461538458 0.95333153 0
199.61538461538458 0.95362616 0
200.7692307692308 0.9517515 0
200.7692307692308 0.9507321 0
200.7692307692308 0.9489753000000001 0
200.7692307692308 0.9483997 0
200.7692307692308 0.94838387 0
200.7692307692308 0.94855976 0
200.7692307692308 0.94920075 0
200.7692307692308 0.94924843 0
200.7692307692308 0.9505952 0
200.7692307692308 0.95145226 0
200.7692307692308 0.952268 0
200.7692307692308 0.9522491 0
199.61538461538458 0.95271206 0
199.61538461538458 0.9530475 0
199.61538461538458 0.9528848 0
199.61538461538458 0.9526026 0
200.7692307692308 0.9521331000000001 0
199.61538461538458 0.95296293 0
200.7692307692308 0.95216644 0
199.61538461538458 0.9527448000000001 0
199.61538461538458 0.9531195 0
199.61538461538458 0.9535659 0
199.61538461538458 0.9534713 0
199.61538461538458 0.9533884 0
199.61538461538458 0.9533275 0
199.61538461538458 0.9541082000000001 0
199.61538461538458 0.953675 0
199.61538461538458 0.9539742 0
199.61538461538458 0.95399624 0
199.61538461538458 0.95416075 0
199.61538461538458 0.95320714 0
199.61538461538458 0.95327884 0
199.61538461538458 0.9528329 0
199.61538461538458 0.9535165000000001 0
199.61538461538458 0.95335186 0
199.61538461538458 0.95387495 0
199.61538461538458 0.95311207 0
199.61538461538458 0.9544521 0
199.61538461538458 0.9544953000000002 0
199.61538461538458 0.95469433 0
199.61538461538458 0.95488703 0
199.61538461538458 0.9549194999999999 0
199.61538461538458 0.9550865 0
199.61538461538458 0.9553679 0
199.61538461538458 0.95500356 0
199.61538461538458 0.95544213 0
199.61538461538458 0.9548802 0
199.61538461538458 0.95500845 0
199.61538461538458 0.95442736 0
199.61538461538458 0.9552269 0
199.61538461538458 0.9549040999999999 0
199.61538461538458 0.9549463 0
199.61538461538458 0.95440304 0
199.61538461538458 0.95488167 0
