260.0 225.0 1
260.0 222.6923076923077 1
260.0 222.6923076923077 1
260.0 222.6923076923077 1
260.0 222.6923076923077 1
260.0 226.15384615384616 1
260.0 226.15384615384616 1
263.0769230769231 225.0 1
341.53846153846155 205.38461538461542 1
421.5384615384616 201.9230769230769 1
469.23076923076917 211.15384615384616 1
503.07692307692315 222.6923076923077 1
521.5384615384615 229.61538461538458 1
520.0 229.61538461538458 1
520.0 230.7692307692308 1
520.0 230.7692307692308 1
520.0 229.61538461538458 1
520.0 229.61538461538458 1
520.0 228.46153846153842 1
490.76923076923083 228.46153846153842 1
360.0 225.0 1
244.61538461538458 250.38461538461542 1
160.0 295.38461538461536 1
121.53846153846152 319.61538461538464 1
103.07692307692308 331.15384615384613 1
92.30769230769229 341.53846153846155 1
92.30769230769229 341.53846153846155 1
92.30769230769229 341.53846153846155 1
93.84615384615385 338.07692307692315 1
90.76923076923076 336.92307692307685 1
87.69230769230771 301.15384615384613 1
121.53846153846152 218.0769230769231 1
240.0 111.92307692307692 1
281.53846153846155 93.46153846153848 1
300.0 91.15384615384615 1
300.0 88.84615384615385 1
298.46153846153845 91.15384615384615 1
298.46153846153845 91.15384615384615 1
298.46153846153845 91.15384615384615 1
298.46153846153845 91.15384615384615 1
298.46153846153845 95.76923076923076 1
321.53846153846155 138.46153846153842 1
327.6923076923077 221.53846153846158 1
341.53846153846155 306.92307692307685 1
356.92307692307685 377.3076923076923 1
372.3076923076923 414.23076923076917 1
409.23076923076917 446.5384615384616 1
441.5384615384616 453.46153846153845 1
440.0 450.0 1
436.92307692307685 450.0 1
436.92307692307685 450.0 1
489.23076923076917 417.6923076923077 1
520.0 401.5384615384616 1
543.0769230769231 357.6923076923077 1
552.3076923076924 338.07692307692315 1
555.3846153846154 330.0 1
558.4615384615385 324.23076923076917 1
558.4615384615385 324.23076923076917 1
558.4615384615385 324.23076923076917 1
558.4615384615385 324.23076923076917 1
558.4615384615385 324.23076923076917 1
558.4615384615385 324.23076923076917 1
520.0 331.15384615384613 1
413.8461538461538 328.84615384615387 1
310.76923076923083 341.53846153846155 1
220.0 366.92307692307685 1
163.0769230769231 381.92307692307685 1
133.84615384615384 396.92307692307685 1
116.92307692307692 401.5384615384616 1
110.76923076923076 395.76923076923083 1
109.23076923076924 390.0 1
109.23076923076924 386.5384615384616 1
109.23076923076924 391.1538461538461 1
107.69230769230771 383.07692307692315 1
106.15384615384615 298.84615384615387 1
138.46153846153842 204.23076923076923 1
204.61538461538458 139.61538461538458 1
246.15384615384616 109.6153846153846 1
273.84615384615387 101.53846153846152 1
281.53846153846155 98.07692307692308 1
281.53846153846155 98.07692307692308 1
280.0 95.76923076923076 1
275.38461538461536 95.76923076923076 1
275.38461538461536 95.76923076923076 1
280.0 95.76923076923076 1
330.76923076923083 118.84615384615385 1
353.84615384615387 167.30769230769232 1
375.3846153846154 246.9230769230769 1
396.92307692307685 339.23076923076917 1
441.5384615384616 384.23076923076917 1
464.6153846153846 403.8461538461538 1
496.92307692307685 417.6923076923077 1
512.3076923076924 410.76923076923083 1
523.0769230769231 396.92307692307685 1
521.5384615384615 391.1538461538461 1
535.3846153846154 375.0 1
552.3076923076924 331.15384615384613 1
561.5384615384615 306.92307692307685 1
560.0 296.53846153846155 1
555.3846153846154 265.38461538461536 1
546.1538461538462 214.61538461538458 1
518.4615384615385 180.0 1
489.23076923076917 152.30769230769232 1
463.07692307692315 126.92307692307692 1
401.5384615384616 101.53846153846152 1
329.23076923076917 96.92307692307692 1
201.53846153846158 144.23076923076925 1
147.69230769230768 195.0 1
130.76923076923077 248.0769230769231 1
121.53846153846152 287.3076923076923 1
118.46153846153848 324.23076923076917 1
132.30769230769232 345.0 1
195.38461538461542 345.0 1
278.46153846153845 296.53846153846155 1
361.5384615384616 240.0 1
435.3846153846154 192.6923076923077 1
475.3846153846154 171.9230769230769 1
466.1538461538461 147.69230769230768 1
432.3076923076923 120.0 1
370.76923076923083 88.84615384615385 1
321.53846153846155 88.84615384615385 1
290.76923076923083 88.84615384615385 1
264.61538461538464 94.6153846153846 1
240.0 106.15384615384615 1
200.0 124.6153846153846 1
170.76923076923075 148.84615384615384 1
141.53846153846158 177.6923076923077 1
123.07692307692308 216.9230769230769 1
118.46153846153848 259.61538461538464 1
121.53846153846152 306.92307692307685 1
146.15384615384616 353.07692307692315 1
207.6923076923077 371.5384615384616 1
278.46153846153845 339.23076923076917 1
366.1538461538461 295.38461538461536 1
426.1538461538461 237.6923076923077 1
472.3076923076923 199.61538461538458 1
489.23076923076917 178.84615384615384 1
469.23076923076917 152.30769230769232 1
386.1538461538461 118.84615384615385 1
296.92307692307685 98.07692307692308 1
233.84615384615384 110.76923076923076 1
201.53846153846158 122.30769230769229 1
173.84615384615384 137.30769230769232 1
161.53846153846158 152.30769230769232 1
153.84615384615384 153.46153846153842 1
166.15384615384616 135.0 1
192.3076923076923 123.46153846153848 1
232.3076923076923 102.69230769230771 1
273.84615384615387 88.84615384615385 1
332.3076923076923 79.61538461538461 1
376.92307692307685 90.0 1
389.23076923076917 96.92307692307692 1
426.1538461538461 126.92307692307692 1
420.0 156.9230769230769 1
383.07692307692315 175.38461538461542 1
312.3076923076923 154.61538461538458 1
244.61538461538458 138.46153846153842 1
198.46153846153842 144.23076923076925 1
187.6923076923077 140.76923076923075 1
183.0769230769231 140.76923076923075 1
173.84615384615384 153.46153846153842 1
138.46153846153842 191.53846153846158 1
138.46153846153842 191.53846153846158 1
141.53846153846158 186.9230769230769 1
116.92307692307692 212.3076923076923 1
96.92307692307692 257.3076923076923 1
84.61538461538461 273.46153846153845 1
81.53846153846153 288.46153846153845 1
78.46153846153847 305.76923076923083 1
78.46153846153847 311.53846153846155 1
78.46153846153847 305.76923076923083 1
76.92307692307692 303.46153846153845 1
76.92307692307692 303.46153846153845 1
76.92307692307692 303.46153846153845 1
76.92307692307692 303.46153846153845 1
104.6153846153846 287.3076923076923 1
216.9230769230769 271.15384615384613 1
306.15384615384613 258.46153846153845 1
321.53846153846155 244.61538461538458 1
324.61538461538464 241.15384615384616 1
404.6153846153846 220.38461538461542 1
480.0 216.9230769230769 1
504.6153846153846 221.53846153846158 1
507.6923076923077 221.53846153846158 1
507.6923076923077 221.53846153846158 1
507.6923076923077 220.38461538461542 1
507.6923076923077 220.38461538461542 1
507.6923076923077 220.38461538461542 1
521.5384615384615 225.0 1
527.6923076923076 216.9230769230769 1
523.0769230769231 200.7692307692308 1
518.4615384615385 193.84615384615384 1
501.5384615384616 188.0769230769231 1
396.92307692307685 158.0769230769231 1
266.15384615384613 155.76923076923075 1
183.0769230769231 186.9230769230769 1
130.76923076923077 221.53846153846158 1
103.07692307692308 256.15384615384613 1
89.23076923076924 275.76923076923083 1
81.53846153846153 275.76923076923083 1
81.53846153846153 274.61538461538464 1
83.07692307692308 265.38461538461536 1
83.07692307692308 266.53846153846155 1
89.23076923076924 240.0 1
135.38461538461542 170.76923076923075 1
184.61538461538458 125.76923076923076 1
243.0769230769231 95.76923076923076 1
272.3076923076923 91.15384615384615 1
295.38461538461536 84.23076923076924 1
295.38461538461536 84.23076923076924 1
292.3076923076923 87.69230769230771 1
292.3076923076923 87.69230769230771 1
292.3076923076923 87.69230769230771 1
292.3076923076923 87.69230769230771 1
292.3076923076923 87.69230769230771 1
292.3076923076923 87.69230769230771 1
292.3076923076923 87.69230769230771 1
295.38461538461536 94.6153846153846 1
263.0769230769231 197.3076923076923 1
263.0769230769231 259.61538461538464 1
276.9230769230769 339.23076923076917 1
303.07692307692315 403.8461538461538 1
323.07692307692315 439.6153846153846 1
370.76923076923083 455.76923076923083 1
416.92307692307685 463.8461538461538 1
447.6923076923077 465.0 1
455.3846153846154 456.92307692307685 1
455.3846153846154 456.92307692307685 1
453.8461538461538 448.8461538461538 1
453.8461538461538 448.8461538461538 1
486.1538461538461 390.0 1
521.5384615384615 295.38461538461536 1
535.3846153846154 260.76923076923083 1
544.6153846153846 244.61538461538458 1
549.2307692307694 245.7692307692308 1
552.3076923076924 252.6923076923077 1
552.3076923076924 252.6923076923077 1
552.3076923076924 252.6923076923077 1
550.7692307692306 251.53846153846158 1
512.3076923076924 243.46153846153842 1
407.6923076923077 226.15384615384616 1
289.23076923076917 212.3076923076923 1
195.38461538461542 211.15384615384616 1
136.9230769230769 219.23076923076923 1
109.23076923076924 228.46153846153842 1
89.23076923076924 249.23076923076923 1
83.07692307692308 256.15384615384613 1
83.07692307692308 281.53846153846155 1
93.84615384615385 310.38461538461536 1
109.23076923076924 351.92307692307685 1
121.53846153846152 376.1538461538461 1
144.61538461538458 388.8461538461538 1
189.23076923076923 369.23076923076917 1
252.3076923076923 311.53846153846155 1
323.07692307692315 243.46153846153842 1
384.6153846153846 223.84615384615384 1
427.6923076923077 182.3076923076923 1
420.0 154.61538461538458 1
429.23076923076917 138.46153846153842 1
398.46153846153845 138.46153846153842 1
330.76923076923083 140.76923076923075 1
263.0769230769231 176.53846153846158 1
218.46153846153842 227.3076923076923 1
178.46153846153842 281.53846153846155 1
152.30769230769232 308.07692307692315 1
136.9230769230769 326.53846153846155 1
123.07692307692308 345.0 1
115.3846153846154 328.84615384615387 1
127.69230769230771 291.92307692307685 1
173.84615384615384 226.15384615384616 1
236.9230769230769 174.23076923076923 1
306.15384615384613 148.84615384615384 1
363.07692307692315 170.76923076923075 1
416.92307692307685 193.84615384615384 1
440.0 212.3076923076923 1
470.76923076923083 216.9230769230769 1
513.8461538461538 237.6923076923077 1
538.4615384615385 263.0769230769231 1
544.6153846153846 266.53846153846155 1
544.6153846153846 266.53846153846155 1
536.9230769230769 261.9230769230769 1
538.4615384615385 263.0769230769231 1
538.4615384615385 261.9230769230769 1
461.5384615384616 263.0769230769231 1
353.84615384615387 264.23076923076917 1
263.0769230769231 272.3076923076923 1
201.53846153846158 282.6923076923077 1
141.53846153846158 276.9230769230769 1
112.30769230769229 266.53846153846155 1
95.3846153846154 264.23076923076917 1
84.61538461538461 259.61538461538464 1
90.76923076923076 238.84615384615384 1
100.0 236.53846153846158 1
215.38461538461542 222.6923076923077 1
224.61538461538458 268.84615384615387 1
287.6923076923077 283.84615384615387 1
272.3076923076923 286.15384615384613 1
270.76923076923083 283.84615384615387 1
270.76923076923083 283.84615384615387 1
270.76923076923083 283.84615384615387 1
270.76923076923083 283.84615384615387 1
270.76923076923083 283.84615384615387 1
270.76923076923083 283.84615384615387 1
258.46153846153845 272.3076923076923 1
276.9230769230769 280.38461538461536 1
295.38461538461536 236.53846153846158 1
312.3076923076923 185.7692307692308 1
293.84615384615387 147.69230769230768 1
289.23076923076917 120.0 1
292.3076923076923 110.76923076923076 1
292.3076923076923 110.76923076923076 1
287.6923076923077 128.0769230769231 1
284.61538461538464 221.53846153846158 1
290.76923076923083 275.76923076923083 1
290.76923076923083 271.15384615384613 1
287.6923076923077 271.15384615384613 1
287.6923076923077 271.15384615384613 1
287.6923076923077 278.0769230769231 1
286.15384615384613 283.84615384615387 1
286.15384615384613 283.84615384615387 1
286.15384615384613 283.84615384615387 1
286.15384615384613 283.84615384615387 1
284.61538461538464 290.76923076923083 1
280.0 290.76923076923083 1
276.9230769230769 268.84615384615387 1
263.0769230769231 186.9230769230769 1
253.84615384615384 126.92307692307692 1
260.0 109.6153846153846 1
272.3076923076923 95.76923076923076 1
281.53846153846155 86.53846153846153 1
326.15384615384613 114.23076923076924 1
390.76923076923083 155.76923076923075 1
452.3076923076923 190.38461538461542 1
486.1538461538461 212.3076923076923 1
518.4615384615385 237.6923076923077 1
529.2307692307694 245.7692307692308 1
529.2307692307694 245.7692307692308 1
520.0 238.84615384615384 1
469.23076923076917 218.0769230769231 1
356.92307692307685 183.46153846153842 1
246.15384615384616 161.53846153846158 1
167.69230769230768 190.38461538461542 1
124.6153846153846 216.9230769230769 1
96.92307692307692 231.9230769230769 1
86.15384615384615 245.7692307692308 1
84.61538461538461 256.15384615384613 1
80.0 252.6923076923077 1
90.76923076923076 218.0769230769231 1
130.76923076923077 167.30769230769232 1
176.9230769230769 133.84615384615384 1
240.0 101.53846153846152 1
303.07692307692315 85.38461538461539 1
355.3846153846154 84.23076923076924 1
387.6923076923077 95.76923076923076 1
415.3846153846154 111.92307692307692 1
449.23076923076917 130.38461538461542 1
478.46153846153845 166.15384615384616 1
506.1538461538461 198.46153846153842 1
530.7692307692306 238.84615384615384 1
541.5384615384615 263.0769230769231 1
541.5384615384615 263.0769230769231 1
507.6923076923077 266.53846153846155 1
426.1538461538461 241.15384615384616 1
321.53846153846155 226.15384615384616 1
218.46153846153842 233.0769230769231 1
150.76923076923075 272.3076923076923 1
127.69230769230771 305.76923076923083 1
90.76923076923076 334.61538461538464 1
86.15384615384615 310.38461538461536 1
89.23076923076924 270.0 1
123.07692307692308 210.0 1
175.38461538461542 156.9230769230769 1
238.46153846153842 123.46153846153848 1
283.07692307692315 105.0 1
330.76923076923083 111.92307692307692 1
364.6153846153846 107.30769230769229 1
406.1538461538461 135.0 1
420.0 165.0 1
420.0 195.0 1
436.92307692307685 219.23076923076923 1
435.3846153846154 212.3076923076923 1
467.6923076923077 201.9230769230769 1
489.23076923076917 207.6923076923077 1
520.0 218.0769230769231 1
526.1538461538462 218.0769230769231 1
526.1538461538462 218.0769230769231 1
516.9230769230769 213.46153846153842 1
476.92307692307685 214.61538461538458 1
373.8461538461538 191.53846153846158 1
260.0 178.84615384615384 1
186.15384615384616 199.61538461538458 1
130.76923076923077 234.23076923076923 1
126.15384615384615 264.23076923076917 1
118.46153846153848 289.61538461538464 1
143.0769230769231 325.38461538461536 1
180.0 391.1538461538461 1
189.23076923076923 402.6923076923077 1
238.46153846153842 393.46153846153845 1
284.61538461538464 372.6923076923077 1
361.5384615384616 347.3076923076923 1
444.6153846153846 355.3846153846154 1
483.07692307692315 369.23076923076917 1
496.92307692307685 370.3846153846154 1
526.1538461538462 366.92307692307685 1
516.9230769230769 340.38461538461536 1
498.46153846153845 261.9230769230769 1
493.8461538461538 250.38461538461542 1
490.76923076923083 250.38461538461542 1
460.0 309.23076923076917 1
423.07692307692315 320.76923076923083 1
380.0 366.92307692307685 1
323.07692307692315 394.6153846153846 1
253.84615384615384 383.07692307692315 1
190.7692307692308 385.3846153846154 1
150.76923076923075 365.76923076923083 1
113.84615384615385 330.0 1
109.23076923076924 308.07692307692315 1
110.76923076923076 295.38461538461536 1
164.61538461538458 215.7692307692308 1
238.46153846153842 141.9230769230769 1
307.6923076923077 108.46153846153848 1
350.76923076923083 90.0 1
390.76923076923083 102.69230769230771 1
440.0 114.23076923076924 1
449.23076923076917 133.84615384615384 1
475.3846153846154 158.0769230769231 1
481.5384615384616 191.53846153846158 1
493.8461538461538 229.61538461538458 1
489.23076923076917 285.0 1
447.6923076923077 323.07692307692315 1
390.76923076923083 360.0 1
326.15384615384613 381.92307692307685 1
270.76923076923083 392.3076923076923 1
224.61538461538458 394.6153846153846 1
193.84615384615384 405.0 1
167.69230769230768 418.8461538461538 1
173.84615384615384 406.1538461538461 1
193.84615384615384 361.1538461538461 1
210.7692307692308 295.38461538461536 1
261.53846153846155 238.84615384615384 1
318.46153846153845 227.3076923076923 1
363.07692307692315 274.61538461538464 1
384.6153846153846 326.53846153846155 1
381.5384615384616 312.6923076923077 1
415.3846153846154 271.15384615384613 1
429.23076923076917 198.46153846153842 1
460.0 170.76923076923075 1
484.6153846153846 169.61538461538458 1
504.6153846153846 180.0 1
506.1538461538461 182.3076923076923 1
506.1538461538461 182.3076923076923 1
496.92307692307685 213.46153846153842 1
436.92307692307685 231.9230769230769 1
372.3076923076923 270.0 1
306.15384615384613 315.0 1
232.3076923076923 320.76923076923083 1
176.9230769230769 333.46153846153845 1
124.6153846153846 348.46153846153845 1
101.53846153846152 349.6153846153846 1
89.23076923076924 355.3846153846154 1
84.61538461538461 353.07692307692315 1
83.07692307692308 348.46153846153845 1
83.07692307692308 336.92307692307685 1
83.07692307692308 336.92307692307685 1
83.07692307692308 336.92307692307685 1
90.76923076923076 331.15384615384613 1
184.61538461538458 290.76923076923083 1
241.53846153846158 271.15384615384613 1
244.61538461538458 268.84615384615387 1
244.61538461538458 268.84615384615387 1
312.3076923076923 267.6923076923077 1
313.84615384615387 260.76923076923083 1
310.76923076923083 260.76923076923083 1
310.76923076923083 260.76923076923083 1
310.76923076923083 260.76923076923083 1
318.46153846153845 259.61538461538464 1
340.0 266.53846153846155 1
347.6923076923077 268.84615384615387 1
346.15384615384613 266.53846153846155 1
346.15384615384613 266.53846153846155 1
338.46153846153845 266.53846153846155 1
338.46153846153845 266.53846153846155 1
338.46153846153845 266.53846153846155 1
338.46153846153845 266.53846153846155 1
267.6923076923077 210.0 1
196.9230769230769 169.61538461538458 1
178.46153846153842 148.84615384615384 1
169.23076923076925 144.23076923076925 1
178.46153846153842 139.61538461538458 1
207.6923076923077 154.61538461538458 1
226.15384615384616 199.61538461538458 1
241.53846153846158 266.53846153846155 1
246.15384615384616 353.07692307692315 1
243.0769230769231 410.76923076923083 1
218.46153846153842 435.0 1
193.84615384615384 428.07692307692315 1
160.0 402.6923076923077 1
129.23076923076923 356.53846153846155 1
123.07692307692308 287.3076923076923 1
147.69230769230768 228.46153846153842 1
226.15384615384616 206.53846153846158 1
323.07692307692315 197.3076923076923 1
420.0 228.46153846153842 1
473.8461538461538 255.0 1
495.3846153846154 263.0769230769231 1
527.6923076923076 281.53846153846155 1
527.6923076923076 281.53846153846155 1
526.1538461538462 311.53846153846155 1
520.0 311.53846153846155 1
467.6923076923077 327.6923076923077 1
387.6923076923077 340.38461538461536 1
306.15384615384613 370.3846153846154 1
230.7692307692308 392.3076923076923 1
196.9230769230769 405.0 1
143.0769230769231 405.0 1
129.23076923076923 390.0 1
109.23076923076924 360.0 1
86.15384615384615 311.53846153846155 1
92.30769230769229 251.53846153846158 1
107.69230769230771 197.3076923076923 1
140.0 163.84615384615384 1
147.69230769230768 150.0 1
147.69230769230768 150.0 1
147.69230769230768 150.0 1
150.76923076923075 150.0 1
206.15384615384616 153.46153846153842 1
272.3076923076923 140.76923076923075 1
341.53846153846155 151.15384615384616 1
429.23076923076917 182.3076923076923 1
484.6153846153846 215.7692307692308 1
510.76923076923083 245.7692307692308 1
524.6153846153846 265.38461538461536 1
535.3846153846154 268.84615384615387 1
547.6923076923076 289.61538461538464 1
543.0769230769231 289.61538461538464 1
536.9230769230769 283.84615384615387 1
493.8461538461538 333.46153846153845 1
420.0 363.46153846153845 1
338.46153846153845 400.3846153846154 1
289.23076923076917 436.1538461538461 1
238.46153846153842 436.1538461538461 1
186.15384615384616 446.5384615384616 1
172.3076923076923 422.3076923076923 1
147.69230769230768 348.46153846153845 1
152.30769230769232 265.38461538461536 1
186.15384615384616 188.0769230769231 1
201.53846153846158 159.23076923076925 1
183.0769230769231 158.0769230769231 1
195.38461538461542 154.61538461538458 1
190.7692307692308 148.84615384615384 1
229.23076923076923 166.15384615384616 1
289.23076923076917 211.15384615384616 1
338.46153846153845 281.53846153846155 1
383.07692307692315 328.84615384615387 1
383.07692307692315 402.6923076923077 1
327.6923076923077 411.92307692307685 1
296.92307692307685 428.07692307692315 1
263.0769230769231 421.1538461538461 1
246.15384615384616 410.76923076923083 1
261.53846153846155 399.23076923076917 1
272.3076923076923 390.0 1
300.0 348.46153846153845 1
333.84615384615387 283.84615384615387 1
360.0 229.61538461538458 1
366.1538461538461 221.53846153846158 1
363.07692307692315 201.9230769230769 1
361.5384615384616 201.9230769230769 1
360.0 201.9230769230769 1
389.23076923076917 199.61538461538458 1
430.76923076923083 219.23076923076923 1
492.3076923076923 230.7692307692308 1
524.6153846153846 258.46153846153845 1
533.8461538461538 271.15384615384613 1
538.4615384615385 256.15384615384613 1
532.3076923076924 243.46153846153842 1
530.7692307692306 236.53846153846158 1
493.8461538461538 243.46153846153842 1
383.07692307692315 255.0 1
292.3076923076923 290.76923076923083 1
224.61538461538458 346.15384615384613 1
167.69230769230768 369.23076923076917 1
124.6153846153846 360.0 1
101.53846153846152 339.23076923076917 1
90.76923076923076 324.23076923076917 1
80.0 325.38461538461536 1
73.84615384615384 301.15384615384613 1
73.84615384615384 295.38461538461536 1
73.84615384615384 287.3076923076923 1
95.3846153846154 270.0 1
195.38461538461542 226.15384615384616 1
300.0 226.15384615384616 1
384.6153846153846 251.53846153846158 1
487.6923076923077 311.53846153846155 1
513.8461538461538 333.46153846153845 1
524.6153846153846 333.46153846153845 1
529.2307692307694 328.84615384615387 1
530.7692307692306 324.23076923076917 1
530.7692307692306 324.23076923076917 1
530.7692307692306 318.46153846153845 1
521.5384615384615 280.38461538461536 1
524.6153846153846 237.6923076923077 1
507.6923076923077 198.46153846153842 1
509.23076923076917 176.53846153846158 1
487.6923076923077 137.30769230769232 1
426.1538461538461 121.15384615384615 1
361.5384615384616 110.76923076923076 1
295.38461538461536 124.6153846153846 1
278.46153846153845 165.0 1
230.7692307692308 215.7692307692308 1
200.0 281.53846153846155 1
175.38461538461542 334.61538461538464 1
152.30769230769232 375.0 1
132.30769230769232 392.3076923076923 1
115.3846153846154 381.92307692307685 1
101.53846153846152 364.6153846153846 1
100.0 320.76923076923083 1
144.61538461538458 251.53846153846158 1
212.3076923076923 184.61538461538458 1
306.15384615384613 174.23076923076923 1
395.3846153846154 197.3076923076923 1
455.3846153846154 234.23076923076923 1
486.1538461538461 276.9230769230769 1
498.46153846153845 298.84615384615387 1
520.0 323.07692307692315 1
530.7692307692306 333.46153846153845 1
523.0769230769231 339.23076923076917 1
516.9230769230769 334.61538461538464 1
516.9230769230769 334.61538461538464 1
509.23076923076917 326.53846153846155 1
500.0 326.53846153846155 1
369.23076923076917 282.6923076923077 1
266.15384615384613 290.76923076923083 1
200.0 325.38461538461536 1
160.0 354.23076923076917 1
132.30769230769232 373.8461538461538 1
109.23076923076924 347.3076923076923 1
96.92307692307692 290.76923076923083 1
112.30769230769229 231.9230769230769 1
126.15384615384615 189.23076923076923 1
127.69230769230771 182.3076923076923 1
132.30769230769232 174.23076923076923 1
135.38461538461542 174.23076923076923 1
135.38461538461542 170.76923076923075 1
167.69230769230768 166.15384615384616 1
269.23076923076917 144.23076923076925 1
347.6923076923077 154.61538461538458 1
423.07692307692315 181.15384615384616 1
467.6923076923077 218.0769230769231 1
489.23076923076917 238.84615384615384 1
521.5384615384615 271.15384615384613 1
527.6923076923076 286.15384615384613 1
532.3076923076924 304.61538461538464 1
503.07692307692315 320.76923076923083 1
424.6153846153846 327.6923076923077 1
320.0 327.6923076923077 1
233.84615384615384 334.61538461538464 1
180.0 349.6153846153846 1
138.46153846153842 342.6923076923077 1
103.07692307692308 326.53846153846155 1
92.30769230769229 326.53846153846155 1
92.30769230769229 345.0 1
86.15384615384615 333.46153846153845 1
86.15384615384615 333.46153846153845 1
107.69230769230771 328.84615384615387 1
201.53846153846158 310.38461538461536 1
286.15384615384613 339.23076923076917 1
375.3846153846154 394.6153846153846 1
432.3076923076923 415.3846153846154 1
432.3076923076923 415.3846153846154 1
490.76923076923083 413.07692307692315 1
513.8461538461538 403.8461538461538 1
526.1538461538462 383.07692307692315 1
529.2307692307694 368.07692307692315 1
529.2307692307694 368.07692307692315 1
529.2307692307694 368.07692307692315 1
518.4615384615385 330.0 1
460.0 263.0769230769231 1
369.23076923076917 238.84615384615384 1
352.3076923076923 238.84615384615384 1
327.6923076923077 293.07692307692315 1
321.53846153846155 356.53846153846155 1
272.3076923076923 396.92307692307685 1
221.53846153846158 400.3846153846154 1
175.38461538461542 363.46153846153845 1
135.38461538461542 343.84615384615387 1
104.6153846153846 318.46153846153845 1
90.76923076923076 290.76923076923083 1
86.15384615384615 273.46153846153845 1
83.07692307692308 261.9230769230769 1
83.07692307692308 259.61538461538464 1
89.23076923076924 246.9230769230769 1
167.69230769230768 168.46153846153842 1
260.0 118.84615384615385 1
341.53846153846155 110.76923076923076 1
406.1538461538461 120.0 1
446.1538461538461 140.76923076923075 1
481.5384615384616 166.15384615384616 1
489.23076923076917 189.23076923076923 1
515.3846153846154 210.0 1
520.0 249.23076923076923 1
510.76923076923083 275.76923076923083 1
469.23076923076917 298.84615384615387 1
436.92307692307685 316.15384615384613 1
347.6923076923077 385.3846153846154 1
313.84615384615387 405.0 1
290.76923076923083 432.6923076923077 1
290.76923076923083 446.5384615384616 1
273.84615384615387 465.0 1
273.84615384615387 465.0 1
273.84615384615387 465.0 1
272.3076923076923 461.5384615384616 1
272.3076923076923 461.5384615384616 1
266.15384615384613 459.23076923076917 1
266.15384615384613 459.23076923076917 1
260.0 455.76923076923083 1
212.3076923076923 413.07692307692315 1
167.69230769230768 388.8461538461538 1
152.30769230769232 396.92307692307685 1
118.46153846153848 368.07692307692315 1
90.76923076923076 315.0 1
86.15384615384615 258.46153846153845 1
87.69230769230771 233.0769230769231 1
103.07692307692308 204.23076923076923 1
110.76923076923076 182.3076923076923 1
110.76923076923076 182.3076923076923 1
115.3846153846154 182.3076923076923 1
129.23076923076923 171.9230769230769 1
195.38461538461542 124.6153846153846 1
287.6923076923077 92.30769230769229 1
361.5384615384616 90.0 1
415.3846153846154 100.3846153846154 1
449.23076923076917 129.23076923076923 1
464.6153846153846 145.38461538461542 1
492.3076923076923 165.0 1
500.0 191.53846153846158 1
492.3076923076923 223.84615384615384 1
478.46153846153845 265.38461538461536 1
449.23076923076917 310.38461538461536 1
398.46153846153845 373.8461538461538 1
373.8461538461538 413.07692307692315 1
350.76923076923083 444.23076923076917 1
320.0 458.07692307692315 1
310.76923076923083 465.0 1
289.23076923076917 474.23076923076917 1
283.07692307692315 474.23076923076917 1
283.07692307692315 474.23076923076917 1
273.84615384615387 473.07692307692315 1
273.84615384615387 473.07692307692315 1
269.23076923076917 470.76923076923083 1
269.23076923076917 470.76923076923083 1
269.23076923076917 470.76923076923083 1
236.9230769230769 469.6153846153846 1
236.9230769230769 470.76923076923083 1
236.9230769230769 470.76923076923083 1
236.9230769230769 470.76923076923083 1
236.9230769230769 469.6153846153846 1
209.23076923076923 432.6923076923077 1
172.3076923076923 335.76923076923083 1
133.84615384615384 264.23076923076917 1
95.3846153846154 256.15384615384613 1
90.76923076923076 252.6923076923077 1
95.3846153846154 226.15384615384616 1
101.53846153846152 211.15384615384616 1
101.53846153846152 211.15384615384616 1
101.53846153846152 211.15384615384616 1
101.53846153846152 210.0 1
101.53846153846152 210.0 1
101.53846153846152 210.0 1
101.53846153846152 201.9230769230769 1
98.46153846153848 201.9230769230769 1
113.84615384615385 199.61538461538458 1
149.23076923076925 176.53846153846158 1
236.9230769230769 169.61538461538458 1
332.3076923076923 166.15384615384616 1
424.6153846153846 184.61538461538458 1
461.5384615384616 211.15384615384616 1
473.8461538461538 218.0769230769231 1
473.8461538461538 218.0769230769231 1
464.6153846153846 215.7692307692308 1
464.6153846153846 215.7692307692308 1
366.1538461538461 259.61538461538464 1
284.61538461538464 327.6923076923077 1
260.0 358.84615384615387 1
235.38461538461542 368.07692307692315 1
227.6923076923077 369.23076923076917 1
216.9230769230769 371.5384615384616 1
170.76923076923075 378.46153846153845 1
136.9230769230769 400.3846153846154 1
133.84615384615384 388.8461538461538 1
130.76923076923077 388.8461538461538 1
130.76923076923077 388.8461538461538 1
116.92307692307692 368.07692307692315 1
160.0 330.0 1
244.61538461538458 297.6923076923077 1
330.76923076923083 275.76923076923083 1
424.6153846153846 278.0769230769231 1
469.23076923076917 283.84615384615387 1
495.3846153846154 288.46153846153845 1
487.6923076923077 281.53846153846155 1
487.6923076923077 281.53846153846155 1
512.3076923076924 278.0769230769231 1
520.0 271.15384615384613 1
520.0 271.15384615384613 1
520.0 271.15384615384613 1
516.9230769230769 271.15384615384613 1
516.9230769230769 271.15384615384613 1
515.3846153846154 271.15384615384613 1
512.3076923076924 271.15384615384613 1
435.3846153846154 258.46153846153845 1
309.23076923076917 248.0769230769231 1
207.6923076923077 264.23076923076917 1
141.53846153846158 285.0 1
124.6153846153846 304.61538461538464 1
124.6153846153846 304.61538461538464 1
116.92307692307692 300.0 1
109.23076923076924 296.53846153846155 1
109.23076923076924 296.53846153846155 1
109.23076923076924 296.53846153846155 1
164.61538461538458 278.0769230769231 1
280.0 243.46153846153842 1
390.76923076923083 238.84615384615384 1
449.23076923076917 255.0 1
467.6923076923077 256.15384615384613 1
475.3846153846154 253.84615384615384 1
475.3846153846154 253.84615384615384 1
475.3846153846154 248.0769230769231 1
475.3846153846154 248.0769230769231 1
475.3846153846154 248.0769230769231 1
475.3846153846154 248.0769230769231 1
475.3846153846154 248.0769230769231 1
427.6923076923077 255.0 1
307.6923076923077 249.23076923076923 1
198.46153846153842 282.6923076923077 1
149.23076923076925 309.23076923076917 1
112.30769230769229 324.23076923076917 1
106.15384615384615 321.92307692307685 1
106.15384615384615 321.92307692307685 1
106.15384615384615 321.92307692307685 1
106.15384615384615 318.46153846153845 1
106.15384615384615 318.46153846153845 1
106.15384615384615 318.46153846153845 1
106.15384615384615 318.46153846153845 1
106.15384615384615 318.46153846153845 1
155.38461538461542 273.46153846153845 1
263.0769230769231 241.15384615384616 1
370.76923076923083 221.53846153846158 1
433.8461538461538 216.9230769230769 1
467.6923076923077 222.6923076923077 1
483.07692307692315 226.15384615384616 1
483.07692307692315 226.15384615384616 1
475.3846153846154 223.84615384615384 1
475.3846153846154 223.84615384615384 1
475.3846153846154 223.84615384615384 1
483.07692307692315 221.53846153846158 1
424.6153846153846 223.84615384615384 1
292.3076923076923 236.53846153846158 1
203.0769230769231 261.9230769230769 1
158.46153846153842 291.92307692307685 1
132.30769230769232 296.53846153846155 1
118.46153846153848 301.15384615384613 1
112.30769230769229 301.15384615384613 1
107.69230769230771 301.15384615384613 1
106.15384615384615 301.15384615384613 1
106.15384615384615 298.84615384615387 1
106.15384615384615 298.84615384615387 1
106.15384615384615 298.84615384615387 1
181.53846153846158 282.6923076923077 1
218.46153846153842 276.9230769230769 1
218.46153846153842 275.76923076923083 1
218.46153846153842 275.76923076923083 1
218.46153846153842 275.76923076923083 1
218.46153846153842 274.61538461538464 1
218.46153846153842 274.61538461538464 1
218.46153846153842 274.61538461538464 1
218.46153846153842 274.61538461538464 1
218.46153846153842 274.61538461538464 1
