426.1538461538461 346.15384615384613 1
426.1538461538461 346.15384615384613 1
426.1538461538461 346.15384615384613 1
429.23076923076917 346.15384615384613 1
444.6153846153846 341.53846153846155 1
446.1538461538461 340.38461538461536 1
446.1538461538461 340.38461538461536 1
446.1538461538461 339.23076923076917 1
449.23076923076917 339.23076923076917 1
446.1538461538461 340.38461538461536 1
447.6923076923077 340.38461538461536 1
447.6923076923077 340.38461538461536 1
447.6923076923077 341.53846153846155 1
447.6923076923077 339.23076923076917 1
440.0 341.53846153846155 1
364.6153846153846 351.92307692307685 1
366.1538461538461 350.76923076923083 1
367.6923076923077 349.6153846153846 1
370.76923076923083 350.76923076923083 1
376.92307692307685 350.76923076923083 1
375.3846153846154 348.46153846153845 1
366.1538461538461 350.76923076923083 1
367.6923076923077 351.92307692307685 1
366.1538461538461 350.76923076923083 1
366.1538461538461 350.76923076923083 1
366.1538461538461 350.76923076923083 1
366.1538461538461 350.76923076923083 1
380.0 346.15384615384613 1
429.23076923076917 343.84615384615387 1
443.07692307692315 342.6923076923077 1
440.0 341.53846153846155 1
440.0 341.53846153846155 1
440.0 341.53846153846155 1
440.0 341.53846153846155 1
440.0 341.53846153846155 1
443.07692307692315 341.53846153846155 1
443.07692307692315 341.53846153846155 1
443.07692307692315 341.53846153846155 1
443.07692307692315 341.53846153846155 1
421.5384615384616 345.0 1
375.3846153846154 348.46153846153845 1
367.6923076923077 350.76923076923083 1
367.6923076923077 350.76923076923083 1
367.6923076923077 350.76923076923083 1
367.6923076923077 350.76923076923083 1
367.6923076923077 348.46153846153845 1
370.76923076923083 349.6153846153846 1
369.23076923076917 348.46153846153845 1
364.6153846153846 350.76923076923083 1
366.1538461538461 348.46153846153845 1
366.1538461538461 348.46153846153845 1
366.1538461538461 348.46153846153845 1
366.1538461538461 348.46153846153845 1
373.8461538461538 346.15384615384613 1
436.92307692307685 340.38461538461536 1
438.46153846153845 340.38461538461536 1
438.46153846153845 340.38461538461536 1
438.46153846153845 342.6923076923077 1
438.46153846153845 340.38461538461536 1
438.46153846153845 340.38461538461536 1
438.46153846153845 340.38461538461536 1
443.07692307692315 340.38461538461536 1
443.07692307692315 340.38461538461536 1
443.07692307692315 340.38461538461536 1
443.07692307692315 340.38461538461536 1
384.6153846153846 348.46153846153845 1
373.8461538461538 350.76923076923083 1
373.8461538461538 350.76923076923083 1
373.8461538461538 350.76923076923083 1
373.8461538461538 350.76923076923083 1
370.76923076923083 350.76923076923083 1
370.76923076923083 350.76923076923083 1
373.8461538461538 350.76923076923083 1
373.8461538461538 349.6153846153846 1
369.23076923076917 351.92307692307685 1
369.23076923076917 349.6153846153846 1
366.1538461538461 349.6153846153846 1
404.6153846153846 345.0 1
427.6923076923077 341.53846153846155 1
443.07692307692315 341.53846153846155 1
446.1538461538461 341.53846153846155 1
446.1538461538461 341.53846153846155 1
446.1538461538461 341.53846153846155 1
447.6923076923077 341.53846153846155 1
447.6923076923077 339.23076923076917 1
447.6923076923077 339.23076923076917 1
447.6923076923077 339.23076923076917 1
447.6923076923077 339.23076923076917 1
447.6923076923077 339.23076923076917 1
447.6923076923077 339.23076923076917 1
447.6923076923077 339.23076923076917 1
420.0 339.23076923076917 1
375.3846153846154 345.0 1
376.92307692307685 345.0 1
376.92307692307685 345.0 1
376.92307692307685 345.0 1
376.92307692307685 345.0 1
375.3846153846154 345.0 1
375.3846153846154 345.0 1
376.92307692307685 343.84615384615387 1
370.76923076923083 347.3076923076923 1
370.76923076923083 347.3076923076923 1
369.23076923076917 347.3076923076923 1
369.23076923076917 347.3076923076923 1
369.23076923076917 347.3076923076923 1
369.23076923076917 347.3076923076923 1
369.23076923076917 347.3076923076923 1
396.92307692307685 340.38461538461536 1
432.3076923076923 339.23076923076917 1
440.0 338.07692307692315 1
441.5384615384616 338.07692307692315 1
441.5384615384616 338.07692307692315 1
441.5384615384616 338.07692307692315 1
444.6153846153846 338.07692307692315 1
444.6153846153846 338.07692307692315 1
444.6153846153846 338.07692307692315 1
444.6153846153846 338.07692307692315 1
444.6153846153846 338.07692307692315 1
441.5384615384616 338.07692307692315 1
372.3076923076923 345.0 1
366.1538461538461 347.3076923076923 1
366.1538461538461 347.3076923076923 1
366.1538461538461 347.3076923076923 1
366.1538461538461 347.3076923076923 1
366.1538461538461 347.3076923076923 1
366.1538461538461 347.3076923076923 1
366.1538461538461 347.3076923076923 1
366.1538461538461 347.3076923076923 1
366.1538461538461 347.3076923076923 1
366.1538461538461 347.3076923076923 1
366.1538461538461 347.3076923076923 1
366.1538461538461 347.3076923076923 1
384.6153846153846 338.07692307692315 1
415.3846153846154 336.92307692307685 0
435.3846153846154 336.92307692307685 0
443.07692307692315 335.76923076923083 1
443.07692307692315 335.76923076923083 1
444.6153846153846 335.76923076923083 1
444.6153846153846 335.76923076923083 1
446.1538461538461 336.92307692307685 1
446.1538461538461 336.92307692307685 1
446.1538461538461 336.92307692307685 1
446.1538461538461 336.92307692307685 1
446.1538461538461 336.92307692307685 1
446.1538461538461 336.92307692307685 1
446.1538461538461 335.76923076923083 1
446.1538461538461 335.76923076923083 1
446.1538461538461 335.76923076923083 1
400.0 339.23076923076917 1
370.76923076923083 348.46153846153845 1
364.6153846153846 350.76923076923083 1
364.6153846153846 350.76923076923083 1
364.6153846153846 349.6153846153846 1
364.6153846153846 349.6153846153846 1
364.6153846153846 349.6153846153846 1
364.6153846153846 347.3076923076923 1
364.6153846153846 347.3076923076923 1
364.6153846153846 347.3076923076923 1
364.6153846153846 347.3076923076923 1
364.6153846153846 347.3076923076923 1
364.6153846153846 347.3076923076923 1
412.3076923076923 340.38461538461536 1
444.6153846153846 336.92307692307685 1
444.6153846153846 336.92307692307685 1
444.6153846153846 336.92307692307685 1
444.6153846153846 336.92307692307685 1
444.6153846153846 336.92307692307685 1
444.6153846153846 336.92307692307685 1
444.6153846153846 336.92307692307685 1
444.6153846153846 336.92307692307685 1
420.0 355.3846153846154 1
418.46153846153845 355.3846153846154 1
418.46153846153845 355.3846153846154 1
400.0 353.07692307692315 1
370.76923076923083 346.15384615384613 1
367.6923076923077 345.0 1
366.1538461538461 342.6923076923077 1
366.1538461538461 342.6923076923077 1
366.1538461538461 342.6923076923077 1
366.1538461538461 342.6923076923077 1
366.1538461538461 342.6923076923077 1
366.1538461538461 342.6923076923077 1
366.1538461538461 342.6923076923077 1
366.1538461538461 342.6923076923077 1
366.1538461538461 342.6923076923077 1
369.23076923076917 342.6923076923077 1
438.46153846153845 335.76923076923083 1
443.07692307692315 335.76923076923083 1
443.07692307692315 335.76923076923083 1
443.07692307692315 334.61538461538464 1
443.07692307692315 334.61538461538464 1
443.07692307692315 334.61538461538464 1
446.1538461538461 335.76923076923083 1
449.23076923076917 334.61538461538464 1
450.76923076923083 334.61538461538464 1
450.76923076923083 334.61538461538464 1
441.5384615384616 335.76923076923083 1
372.3076923076923 343.84615384615387 1
372.3076923076923 343.84615384615387 1
372.3076923076923 343.84615384615387 1
372.3076923076923 343.84615384615387 1
372.3076923076923 343.84615384615387 1
372.3076923076923 341.53846153846155 1
372.3076923076923 341.53846153846155 1
372.3076923076923 342.6923076923077 1
406.1538461538461 355.3846153846154 1
412.3076923076923 356.53846153846155 1
409.23076923076917 358.84615384615387 1
