395.50 231.50 1.0
395.75 231.38 1.0
396.00 231.25 1.0
396.25 231.12 1.0
396.50 231.00 1.0
396.75 231.12 1.0
397.00 231.25 1.0
397.25 231.38 1.0
397.50 231.50 1.0
397.38 231.38 1.0
397.25 231.25 1.0
397.12 231.12 1.0
397.00 231.00 1.0
397.25 231.38 1.0
397.50 231.75 1.0
397.75 232.12 1.0
398.00 232.50 1.0
398.12 232.38 1.0
398.25 232.25 1.0
398.38 232.12 1.0
398.50 232.00 1.0
398.25 232.12 1.0
398.00 232.25 1.0
397.75 232.38 1.0
397.50 232.50 1.0
397.38 232.25 1.0
397.25 232.00 1.0
397.12 231.75 1.0
397.00 231.50 1.0
397.00 231.38 1.0
397.00 231.25 1.0
397.00 231.12 1.0
397.00 231.00 1.0
397.00 230.38 1.0
397.00 229.75 1.0
397.00 229.12 1.0
397.00 228.50 1.0
397.12 227.88 1.0
397.25 227.25 1.0
397.38 226.62 1.0
397.50 226.00 1.0
397.75 225.50 1.0
398.00 225.00 1.0
398.25 224.50 1.0
398.50 224.00 1.0
398.62 222.75 1.0
398.75 221.50 1.0
398.88 220.25 1.0
399.00 219.00 1.0
399.50 218.25 1.0
400.00 217.50 1.0
400.50 216.75 1.0
401.00 216.00 1.0
401.62 214.62 1.0
402.25 213.25 1.0
402.88 211.88 1.0
403.50 210.50 1.0
403.62 209.62 1.0
403.75 208.75 1.0
403.88 207.88 1.0
404.00 207.00 1.0
404.25 206.50 1.0
404.50 206.00 1.0
404.75 205.50 1.0
405.00 205.00 1.0
404.88 204.00 1.0
404.75 203.00 1.0
404.62 202.00 1.0
404.50 201.00 1.0
404.38 200.50 1.0
404.25 200.00 1.0
404.12 199.50 1.0
404.00 199.00 1.0
404.00 198.62 1.0
404.00 198.25 1.0
404.00 197.88 1.0
404.00 197.50 1.0
403.25 196.00 1.0
402.50 194.50 1.0
401.75 193.00 1.0
401.00 191.50 1.0
400.88 190.50 1.0
400.75 189.50 1.0
400.62 188.50 1.0
400.50 187.50 1.0
400.62 187.12 1.0
400.75 186.75 1.0
400.88 186.38 1.0
401.00 186.00 1.0
401.12 186.00 1.0
401.25 186.00 1.0
401.38 186.00 1.0
401.50 186.00 1.0
401.12 185.62 1.0
400.75 185.25 1.0
400.38 184.88 1.0
400.00 184.50 1.0
400.25 184.38 1.0
400.50 184.25 1.0
400.75 184.12 1.0
401.00 184.00 1.0
400.88 184.00 1.0
400.75 184.00 1.0
400.62 184.00 1.0
400.50 184.00 1.0
400.50 183.88 1.0
400.50 183.75 1.0
400.50 183.62 1.0
400.50 183.50 1.0
400.50 183.50 1.0
400.50 183.50 1.0
400.50 183.50 1.0
400.50 183.50 1.0
400.25 183.75 1.0
400.00 184.00 1.0
399.75 184.25 1.0
399.50 184.50 1.0
399.12 184.25 1.0
398.75 184.00 1.0
398.38 183.75 1.0
398.00 183.50 1.0
397.12 183.50 1.0
396.25 183.50 1.0
395.38 183.50 1.0
394.50 183.50 1.0
393.25 183.38 1.0
392.00 183.25 1.0
390.75 183.12 1.0
389.50 183.00 1.0
386.25 182.75 1.0
383.00 182.50 1.0
379.75 182.25 1.0
376.50 182.00 1.0
375.62 181.88 1.0
374.75 181.75 1.0
373.88 181.62 1.0
373.00 181.50 1.0
372.00 181.50 1.0
371.00 181.50 1.0
370.00 181.50 1.0
369.00 181.50 1.0
367.88 181.12 1.0
366.75 180.75 1.0
365.62 180.38 1.0
364.50 180.00 1.0
363.38 180.00 1.0
362.25 180.00 1.0
361.12 180.00 1.0
360.00 180.00 1.0
358.25 179.88 1.0
356.50 179.75 1.0
354.75 179.62 1.0
353.00 179.50 1.0
351.62 179.25 1.0
350.25 179.00 1.0
348.88 178.75 1.0
347.50 178.50 1.0
345.50 178.25 1.0
343.50 178.00 1.0
341.50 177.75 1.0
339.50 177.50 1.0
337.62 177.50 1.0
335.75 177.50 1.0
333.88 177.50 1.0
332.00 177.50 1.0
330.38 177.50 1.0
328.75 177.50 1.0
327.12 177.50 1.0
325.50 177.50 1.0
324.25 177.38 1.0
323.00 177.25 1.0
321.75 177.12 1.0
320.50 177.00 1.0
319.50 177.12 1.0
318.50 177.25 1.0
317.50 177.38 1.0
316.50 177.50 1.0
315.75 177.75 1.0
315.00 178.00 1.0
314.25 178.25 1.0
313.50 178.50 1.0
313.25 178.38 1.0
313.00 178.25 1.0
312.75 178.12 1.0
312.50 178.00 1.0
312.00 178.12 1.0
311.50 178.25 1.0
311.00 178.38 1.0
310.50 178.50 1.0
310.25 179.00 1.0
310.00 179.50 1.0
309.75 180.00 1.0
309.50 180.50 1.0
309.00 180.50 1.0
308.50 180.50 1.0
308.00 180.50 1.0
307.50 180.50 1.0
307.25 180.50 1.0
307.00 180.50 1.0
306.75 180.50 1.0
306.50 180.50 1.0
306.50 180.88 1.0
306.50 181.25 1.0
306.50 181.62 1.0
306.50 182.00 1.0
306.50 182.00 1.0
306.50 182.00 1.0
306.50 182.00 1.0
306.50 182.00 1.0
306.50 182.00 1.0
306.50 182.00 1.0
306.50 182.00 1.0
306.50 182.00 1.0
306.88 181.88 1.0
307.25 181.75 1.0
307.62 181.62 1.0
308.00 181.50 1.0
307.88 181.62 1.0
307.75 181.75 1.0
307.62 181.88 1.0
307.50 182.00 1.0
305.88 182.88 1.0
304.25 183.75 1.0
302.62 184.62 1.0
301.00 185.50 1.0
301.12 185.62 1.0
301.25 185.75 1.0
301.38 185.88 1.0
301.50 186.00 1.0
301.50 186.12 1.0
301.50 186.25 1.0
301.50 186.38 1.0
301.50 186.50 1.0
301.62 187.00 1.0
301.75 187.50 1.0
301.88 188.00 1.0
302.00 188.50 1.0
301.88 189.00 1.0
301.75 189.50 1.0
301.62 190.00 1.0
301.50 190.50 1.0
301.75 191.50 1.0
302.00 192.50 1.0
302.25 193.50 1.0
302.50 194.50 1.0
302.88 197.12 1.0
303.25 199.75 1.0
303.62 202.38 1.0
304.00 205.00 1.0
304.25 205.62 1.0
304.50 206.25 1.0
304.75 206.88 1.0
305.00 207.50 1.0
305.12 207.62 1.0
305.25 207.75 1.0
305.38 207.88 1.0
305.50 208.00 1.0
305.50 208.25 1.0
305.50 208.50 1.0
305.50 208.75 1.0
305.50 209.00 1.0
305.75 209.25 1.0
306.00 209.50 1.0
306.25 209.75 1.0
306.50 210.00 1.0
306.75 210.25 1.0
307.00 210.50 1.0
307.25 210.75 1.0
307.50 211.00 1.0
307.62 211.38 1.0
307.75 211.75 1.0
307.88 212.12 1.0
308.00 212.50 1.0
308.38 212.50 1.0
308.75 212.50 1.0
309.12 212.50 1.0
309.50 212.50 1.0
310.00 212.62 1.0
310.50 212.75 1.0
311.00 212.88 1.0
311.50 213.00 1.0
312.38 213.00 1.0
313.25 213.00 1.0
314.12 213.00 1.0
315.00 213.00 1.0
316.75 212.50 1.0
318.50 212.00 1.0
320.25 211.50 1.0
322.00 211.00 1.0
323.62 211.12 1.0
325.25 211.25 1.0
326.88 211.38 1.0
328.50 211.50 1.0
330.12 211.62 1.0
331.75 211.75 1.0
333.38 211.88 1.0
335.00 212.00 1.0
336.12 211.62 1.0
337.25 211.25 1.0
338.38 210.88 1.0
339.50 210.50 1.0
341.25 210.50 1.0
343.00 210.50 1.0
344.75 210.50 1.0
346.50 210.50 1.0
348.00 211.00 1.0
349.50 211.50 1.0
351.00 212.00 1.0
352.50 212.50 1.0
354.12 212.62 1.0
355.75 212.75 1.0
357.38 212.88 1.0
359.00 213.00 1.0
360.75 213.38 1.0
362.50 213.75 1.0
364.25 214.12 1.0
366.00 214.50 1.0
368.00 214.88 1.0
370.00 215.25 1.0
372.00 215.62 1.0
374.00 216.00 1.0
376.25 216.25 1.0
378.50 216.50 1.0
380.75 216.75 1.0
383.00 217.00 1.0
385.25 217.62 1.0
387.50 218.25 1.0
389.75 218.88 1.0
392.00 219.50 1.0
394.00 219.88 1.0
396.00 220.25 1.0
398.00 220.62 1.0
400.00 221.00 1.0
402.62 221.75 1.0
405.25 222.50 1.0
407.88 223.25 1.0
410.50 224.00 1.0
412.62 224.62 1.0
414.75 225.25 1.0
416.88 225.88 1.0
419.00 226.50 1.0
420.88 227.38 1.0
422.75 228.25 1.0
424.62 229.12 1.0
426.50 230.00 1.0
428.25 230.38 1.0
430.00 230.75 1.0
431.75 231.12 1.0
433.50 231.50 1.0
435.00 232.00 1.0
436.50 232.50 1.0
438.00 233.00 1.0
439.50 233.50 1.0
441.25 234.38 1.0
443.00 235.25 1.0
444.75 236.12 1.0
446.50 237.00 1.0
447.88 237.88 1.0
449.25 238.75 1.0
450.62 239.62 1.0
452.00 240.50 1.0
454.25 241.38 1.0
456.50 242.25 1.0
458.75 243.12 1.0
461.00 244.00 1.0
462.00 244.75 1.0
463.00 245.50 1.0
464.00 246.25 1.0
465.00 247.00 1.0
465.75 247.25 1.0
466.50 247.50 1.0
467.25 247.75 1.0
468.00 248.00 1.0
468.75 248.38 1.0
469.50 248.75 1.0
470.25 249.12 1.0
471.00 249.50 1.0
471.62 249.88 1.0
472.25 250.25 1.0
472.88 250.62 1.0
473.50 251.00 1.0
474.00 251.38 1.0
474.50 251.75 1.0
475.00 252.12 1.0
475.50 252.50 1.0
476.00 252.75 1.0
476.50 253.00 1.0
477.00 253.25 1.0
477.50 253.50 1.0
477.38 253.62 1.0
477.25 253.75 1.0
477.12 253.88 1.0
477.00 254.00 1.0
477.00 253.88 1.0
477.00 253.75 1.0
477.00 253.62 1.0
477.00 253.50 1.0
477.25 253.50 1.0
477.50 253.50 1.0
477.75 253.50 1.0
478.00 253.50 1.0
477.88 253.75 1.0
477.75 254.00 1.0
477.62 254.25 1.0
477.50 254.50 1.0
477.50 254.12 1.0
477.50 253.75 1.0
477.50 253.38 1.0
477.50 253.00 1.0
477.25 253.25 1.0
477.00 253.50 1.0
476.75 253.75 1.0
476.50 254.00 1.0
476.00 253.25 1.0
475.50 252.50 1.0
475.00 251.75 1.0
474.50 251.00 1.0
474.50 251.00 1.0
474.50 251.00 1.0
474.50 251.00 1.0
474.50 251.00 1.0
474.25 251.00 1.0
474.00 251.00 1.0
473.75 251.00 1.0
473.50 251.00 1.0
473.50 251.12 1.0
473.50 251.25 1.0
473.50 251.38 1.0
473.50 251.50 1.0
473.62 251.62 1.0
473.75 251.75 1.0
473.88 251.88 1.0
474.00 252.00 1.0
474.12 252.38 1.0
474.25 252.75 1.0
474.38 253.12 1.0
474.50 253.50 1.0
475.12 255.75 1.0
475.75 258.00 1.0
476.38 260.25 1.0
477.00 262.50 1.0
477.62 265.88 1.0
478.25 269.25 1.0
478.88 272.62 1.0
479.50 276.00 1.0
479.75 276.88 1.0
480.00 277.75 1.0
480.25 278.62 1.0
480.50 279.50 1.0
480.75 280.38 1.0
481.00 281.25 1.0
481.25 282.12 1.0
481.50 283.00 1.0
481.38 283.75 1.0
481.25 284.50 1.0
481.12 285.25 1.0
481.00 286.00 1.0
480.88 286.50 1.0
480.75 287.00 1.0
480.62 287.50 1.0
480.50 288.00 1.0
480.50 288.75 1.0
480.50 289.50 1.0
480.50 290.25 1.0
480.50 291.00 1.0
481.00 292.88 1.0
481.50 294.75 1.0
482.00 296.62 1.0
482.50 298.50 1.0
483.25 301.00 1.0
484.00 303.50 1.0
484.75 306.00 1.0
485.50 308.50 1.0
485.50 308.88 1.0
485.50 309.25 1.0
485.50 309.62 1.0
485.50 310.00 1.0
485.50 310.25 1.0
485.50 310.50 1.0
485.50 310.75 1.0
485.50 311.00 1.0
485.50 311.12 1.0
485.50 311.25 1.0
485.50 311.38 1.0
485.50 311.50 1.0
485.38 311.50 1.0
485.25 311.50 1.0
485.12 311.50 1.0
485.00 311.50 1.0
484.88 311.50 1.0
484.75 311.50 1.0
484.62 311.50 1.0
484.50 311.50 1.0
484.50 311.50 1.0
484.50 311.50 1.0
484.50 311.50 1.0
484.50 311.50 1.0
484.00 311.38 1.0
483.50 311.25 1.0
483.00 311.12 1.0
482.50 311.00 1.0
482.12 311.00 1.0
481.75 311.00 1.0
481.38 311.00 1.0
481.00 311.00 1.0
480.25 311.00 1.0
479.50 311.00 1.0
478.75 311.00 1.0
478.00 311.00 1.0
477.75 311.00 1.0
477.50 311.00 1.0
477.25 311.00 1.0
477.00 311.00 1.0
476.00 310.50 1.0
475.00 310.00 1.0
474.00 309.50 1.0
473.00 309.00 1.0
472.25 308.75 1.0
471.50 308.50 1.0
470.75 308.25 1.0
470.00 308.00 1.0
469.00 307.38 1.0
468.00 306.75 1.0
467.00 306.12 1.0
466.00 305.50 1.0
464.88 305.00 1.0
463.75 304.50 1.0
462.62 304.00 1.0
461.50 303.50 1.0
459.25 302.12 1.0
457.00 300.75 1.0
454.75 299.38 1.0
452.50 298.00 1.0
450.62 297.00 1.0
448.75 296.00 1.0
446.88 295.00 1.0
445.00 294.00 1.0
443.25 293.25 1.0
441.50 292.50 1.0
439.75 291.75 1.0
438.00 291.00 1.0
435.88 290.12 1.0
433.75 289.25 1.0
431.62 288.38 1.0
429.50 287.50 1.0
427.62 286.75 1.0
425.75 286.00 1.0
423.88 285.25 1.0
422.00 284.50 1.0
420.00 283.75 1.0
418.00 283.00 1.0
416.00 282.25 1.0
414.00 281.50 1.0
411.88 281.00 1.0
409.75 280.50 1.0
407.62 280.00 1.0
405.50 279.50 1.0
403.75 278.88 1.0
402.00 278.25 1.0
400.25 277.62 1.0
398.50 277.00 1.0
396.50 276.12 1.0
394.50 275.25 1.0
392.50 274.38 1.0
390.50 273.50 1.0
388.00 272.62 1.0
385.50 271.75 1.0
383.00 270.88 1.0
380.50 270.00 1.0
378.75 269.50 1.0
377.00 269.00 1.0
375.25 268.50 1.0
373.50 268.00 1.0
371.50 267.12 1.0
369.50 266.25 1.0
367.50 265.38 1.0
365.50 264.50 1.0
363.50 263.75 1.0
361.50 263.00 1.0
359.50 262.25 1.0
357.50 261.50 1.0
355.75 260.88 1.0
354.00 260.25 1.0
352.25 259.62 1.0
350.50 259.00 1.0
349.25 258.38 1.0
348.00 257.75 1.0
346.75 257.12 1.0
345.50 256.50 1.0
343.75 255.88 1.0
342.00 255.25 1.0
340.25 254.62 1.0
338.50 254.00 1.0
337.25 253.62 1.0
336.00 253.25 1.0
334.75 252.88 1.0
333.50 252.50 1.0
332.50 252.00 1.0
331.50 251.50 1.0
330.50 251.00 1.0
329.50 250.50 1.0
328.62 250.12 1.0
327.75 249.75 1.0
326.88 249.38 1.0
326.00 249.00 1.0
324.88 248.88 1.0
323.75 248.75 1.0
322.62 248.62 1.0
321.50 248.50 1.0
319.88 248.25 1.0
318.25 248.00 1.0
316.62 247.75 1.0
315.00 247.50 1.0
314.12 247.38 1.0
313.25 247.25 1.0
312.38 247.12 1.0
311.50 247.00 1.0
310.75 246.62 1.0
310.00 246.25 1.0
309.25 245.88 1.0
308.50 245.50 1.0
308.00 245.25 1.0
307.50 245.00 1.0
307.00 244.75 1.0
306.50 244.50 1.0
306.38 244.50 1.0
306.25 244.50 1.0
306.12 244.50 1.0
306.00 244.50 1.0
305.75 244.12 1.0
305.50 243.75 1.0
305.25 243.38 1.0
305.00 243.00 1.0
305.00 243.38 1.0
305.00 243.75 1.0
305.00 244.12 1.0
305.00 244.50 1.0
305.25 244.12 1.0
305.50 243.75 1.0
305.75 243.38 1.0
306.00 243.00 1.0
306.25 242.88 1.0
306.50 242.75 1.0
306.75 242.62 1.0
307.00 242.50 1.0
307.25 242.38 1.0
307.50 242.25 1.0
307.75 242.12 1.0
308.00 242.00 1.0
308.00 242.00 1.0
308.00 242.00 1.0
308.00 242.00 1.0
308.00 242.00 1.0
308.12 241.75 1.0
308.25 241.50 1.0
308.38 241.25 1.0
308.50 241.00 1.0
309.00 241.25 1.0
309.50 241.50 1.0
310.00 241.75 1.0
310.50 242.00 1.0
310.88 242.00 1.0
311.25 242.00 1.0
311.62 242.00 1.0
312.00 242.00 1.0
312.00 242.62 1.0
312.00 243.25 1.0
312.00 243.88 1.0
312.00 244.50 1.0
312.38 245.62 1.0
312.75 246.75 1.0
313.12 247.88 1.0
313.50 249.00 1.0
314.38 254.88 1.0
315.25 260.75 1.0
316.12 266.62 1.0
317.00 272.50 1.0
317.12 272.75 1.0
317.25 273.00 1.0
317.38 273.25 1.0
317.50 273.50 1.0
317.88 273.88 1.0
318.25 274.25 1.0
318.62 274.62 1.0
319.00 275.00 1.0
319.00 275.25 1.0
319.00 275.50 1.0
319.00 275.75 1.0
319.00 276.00 1.0
319.00 276.00 1.0
319.00 276.00 1.0
319.00 276.00 1.0
319.00 276.00 1.0
318.88 276.50 1.0
318.75 277.00 1.0
318.62 277.50 1.0
318.50 278.00 1.0
318.75 277.88 1.0
319.00 277.75 1.0
319.25 277.62 1.0
319.50 277.50 1.0
319.75 277.62 1.0
320.00 277.75 1.0
320.25 277.88 1.0
320.50 278.00 1.0
320.88 277.75 1.0
321.25 277.50 1.0
321.62 277.25 1.0
322.00 277.00 1.0
322.88 277.00 1.0
323.75 277.00 1.0
324.62 277.00 1.0
325.50 277.00 1.0
327.00 276.88 1.0
328.50 276.75 1.0
330.00 276.62 1.0
331.50 276.50 1.0
333.00 276.50 1.0
334.50 276.50 1.0
336.00 276.50 1.0
337.50 276.50 1.0
339.38 276.38 1.0
341.25 276.25 1.0
343.12 276.12 1.0
345.00 276.00 1.0
346.75 276.50 1.0
348.50 277.00 1.0
350.25 277.50 1.0
352.00 278.00 1.0
353.88 278.62 1.0
355.75 279.25 1.0
357.62 279.88 1.0
359.50 280.50 1.0
362.25 281.00 1.0
365.00 281.50 1.0
367.75 282.00 1.0
370.50 282.50 1.0
372.88 283.12 1.0
375.25 283.75 1.0
377.62 284.38 1.0
380.00 285.00 1.0
382.38 285.88 1.0
384.75 286.75 1.0
387.12 287.62 1.0
389.50 288.50 1.0
392.00 289.00 1.0
394.50 289.50 1.0
397.00 290.00 1.0
399.50 290.50 1.0
401.62 291.38 1.0
403.75 292.25 1.0
405.88 293.12 1.0
408.00 294.00 1.0
410.12 294.62 1.0
412.25 295.25 1.0
414.38 295.88 1.0
416.50 296.50 1.0
419.00 297.62 1.0
421.50 298.75 1.0
424.00 299.88 1.0
426.50 301.00 1.0
428.38 301.62 1.0
430.25 302.25 1.0
432.12 302.88 1.0
434.00 303.50 1.0
436.00 304.50 1.0
438.00 305.50 1.0
440.00 306.50 1.0
442.00 307.50 1.0
445.12 309.38 1.0
448.25 311.25 1.0
451.38 313.12 1.0
454.50 315.00 1.0
456.00 315.62 1.0
457.50 316.25 1.0
459.00 316.88 1.0
460.50 317.50 1.0
462.00 318.25 1.0
463.50 319.00 1.0
465.00 319.75 1.0
466.50 320.50 1.0
467.88 321.38 1.0
469.25 322.25 1.0
470.62 323.12 1.0
472.00 324.00 1.0
473.00 324.00 1.0
474.00 324.00 1.0
475.00 324.00 1.0
476.00 324.00 1.0
476.50 324.12 1.0
477.00 324.25 1.0
477.50 324.38 1.0
478.00 324.50 1.0
478.25 324.62 1.0
478.50 324.75 1.0
478.75 324.88 1.0
479.00 325.00 1.0
479.25 324.88 1.0
479.50 324.75 1.0
479.75 324.62 1.0
480.00 324.50 1.0
480.00 324.12 1.0
480.00 323.75 1.0
480.00 323.38 1.0
480.00 323.00 1.0
480.12 323.25 1.0
480.25 323.50 1.0
480.38 323.75 1.0
480.50 324.00 1.0
480.25 323.62 1.0
480.00 323.25 1.0
479.75 322.88 1.0
479.50 322.50 1.0
479.62 322.25 1.0
479.75 322.00 1.0
479.88 321.75 1.0
480.00 321.50 1.0
479.88 321.62 1.0
479.75 321.75 1.0
479.62 321.88 1.0
479.50 322.00 1.0
479.25 322.00 1.0
479.00 322.00 1.0
478.75 322.00 1.0
478.50 322.00 1.0
478.38 322.12 1.0
478.25 322.25 1.0
478.12 322.38 1.0
478.00 322.50 1.0
478.25 322.50 1.0
478.50 322.50 1.0
478.75 322.50 1.0
479.00 322.50 1.0
478.88 322.62 1.0
478.75 322.75 1.0
478.62 322.88 1.0
478.50 323.00 1.0
478.00 322.75 1.0
477.50 322.50 1.0
477.00 322.25 1.0
476.50 322.00 1.0
476.38 322.25 1.0
476.25 322.50 1.0
476.12 322.75 1.0
476.00 323.00 1.0
476.12 323.38 1.0
476.25 323.75 1.0
476.38 324.12 1.0
476.50 324.50 1.0
475.00 328.00 1.0
473.50 331.50 1.0
472.00 335.00 1.0
470.50 338.50 1.0
470.62 340.00 1.0
470.75 341.50 1.0
470.88 343.00 1.0
471.00 344.50 1.0
470.88 344.88 1.0
470.75 345.25 1.0
470.62 345.62 1.0
470.50 346.00 1.0
470.38 346.50 1.0
470.25 347.00 1.0
470.12 347.50 1.0
470.00 348.00 1.0
469.62 348.12 1.0
469.25 348.25 1.0
468.88 348.38 1.0
468.50 348.50 1.0
468.38 348.75 1.0
468.25 349.00 1.0
468.12 349.25 1.0
468.00 349.50 1.0
468.00 349.88 1.0
468.00 350.25 1.0
468.00 350.62 1.0
468.00 351.00 1.0
468.75 353.38 1.0
469.50 355.75 1.0
470.25 358.12 1.0
471.00 360.50 1.0
470.88 360.38 1.0
470.75 360.25 1.0
470.62 360.12 1.0
470.50 360.00 1.0
470.38 359.88 1.0
470.25 359.75 1.0
470.12 359.62 1.0
470.00 359.50 1.0
469.75 359.50 1.0
469.50 359.50 1.0
469.25 359.50 1.0
469.00 359.50 1.0
468.62 359.25 1.0
468.25 359.00 1.0
467.88 358.75 1.0
467.50 358.50 1.0
466.75 358.25 1.0
466.00 358.00 1.0
465.25 357.75 1.0
464.50 357.50 1.0
463.75 357.25 1.0
463.00 357.00 1.0
462.25 356.75 1.0
461.50 356.50 1.0
460.25 355.75 1.0
459.00 355.00 1.0
457.75 354.25 1.0
456.50 353.50 1.0
455.50 352.62 1.0
454.50 351.75 1.0
453.50 350.88 1.0
452.50 350.00 1.0
450.88 349.38 1.0
449.25 348.75 1.0
447.62 348.12 1.0
446.00 347.50 1.0
444.62 347.00 1.0
443.25 346.50 1.0
441.88 346.00 1.0
440.50 345.50 1.0
439.25 345.25 1.0
438.00 345.00 1.0
436.75 344.75 1.0
435.50 344.50 1.0
433.88 343.88 1.0
432.25 343.25 1.0
430.62 342.62 1.0
429.00 342.00 1.0
427.38 341.38 1.0
425.75 340.75 1.0
424.12 340.12 1.0
422.50 339.50 1.0
420.38 338.75 1.0
418.25 338.00 1.0
416.12 337.25 1.0
414.00 336.50 1.0
412.25 335.75 1.0
410.50 335.00 1.0
408.75 334.25 1.0
407.00 333.50 1.0
404.88 332.62 1.0
402.75 331.75 1.0
400.62 330.88 1.0
398.50 330.00 1.0
396.88 329.12 1.0
395.25 328.25 1.0
393.62 327.38 1.0
392.00 326.50 1.0
390.50 325.88 1.0
389.00 325.25 1.0
387.50 324.62 1.0
386.00 324.00 1.0
384.25 323.38 1.0
382.50 322.75 1.0
380.75 322.12 1.0
379.00 321.50 1.0
377.62 321.25 1.0
376.25 321.00 1.0
374.88 320.75 1.0
373.50 320.50 1.0
372.00 320.38 1.0
370.50 320.25 1.0
369.00 320.12 1.0
367.50 320.00 1.0
366.50 319.88 1.0
365.50 319.75 1.0
364.50 319.62 1.0
363.50 319.50 1.0
362.38 319.12 1.0
361.25 318.75 1.0
360.12 318.38 1.0
359.00 318.00 1.0
357.50 318.00 1.0
356.00 318.00 1.0
354.50 318.00 1.0
353.00 318.00 1.0
351.88 317.75 1.0
350.75 317.50 1.0
349.62 317.25 1.0
348.50 317.00 1.0
347.12 316.75 1.0
345.75 316.50 1.0
344.38 316.25 1.0
343.00 316.00 1.0
341.88 315.62 1.0
340.75 315.25 1.0
339.62 314.88 1.0
338.50 314.50 1.0
337.62 314.12 1.0
336.75 313.75 1.0
335.88 313.38 1.0
335.00 313.00 1.0
334.38 313.00 1.0
333.75 313.00 1.0
333.12 313.00 1.0
332.50 313.00 1.0
331.62 312.50 1.0
330.75 312.00 1.0
329.88 311.50 1.0
329.00 311.00 1.0
328.50 310.88 1.0
328.00 310.75 1.0
327.50 310.62 1.0
327.00 310.50 1.0
326.62 310.12 1.0
326.25 309.75 1.0
325.88 309.38 1.0
325.50 309.00 1.0
325.00 309.12 1.0
324.50 309.25 1.0
324.00 309.38 1.0
323.50 309.50 1.0
322.88 309.25 1.0
322.25 309.00 1.0
321.62 308.75 1.0
321.00 308.50 1.0
320.88 308.50 1.0
320.75 308.50 1.0
320.62 308.50 1.0
320.50 308.50 1.0
320.50 308.75 1.0
320.50 309.00 1.0
320.50 309.25 1.0
320.50 309.50 1.0
320.12 309.25 1.0
319.75 309.00 1.0
319.38 308.75 1.0
319.00 308.50 1.0
319.00 308.38 1.0
319.00 308.25 1.0
319.00 308.12 1.0
319.00 308.00 1.0
319.00 308.25 1.0
319.00 308.50 1.0
319.00 308.75 1.0
319.00 309.00 1.0
319.00 309.12 1.0
319.00 309.25 1.0
319.00 309.38 1.0
319.00 309.50 1.0
319.00 309.38 1.0
319.00 309.25 1.0
319.00 309.12 1.0
319.00 309.00 1.0
319.12 309.12 1.0
319.25 309.25 1.0
319.38 309.38 1.0
319.50 309.50 1.0
319.62 309.38 1.0
319.75 309.25 1.0
319.88 309.12 1.0
320.00 309.00 1.0
320.12 308.88 1.0
320.25 308.75 1.0
320.38 308.62 1.0
320.50 308.50 1.0
320.50 308.38 1.0
320.50 308.25 1.0
320.50 308.12 1.0
320.50 308.00 1.0
320.88 307.88 1.0
321.25 307.75 1.0
321.62 307.62 1.0
322.00 307.50 1.0
321.75 307.25 1.0
321.50 307.00 1.0
321.25 306.75 1.0
321.00 306.50 1.0
321.12 306.12 1.0
321.25 305.75 1.0
321.38 305.38 1.0
321.50 305.00 1.0
321.50 304.62 1.0
321.50 304.25 1.0
321.50 303.88 1.0
321.50 303.50 1.0
321.50 303.12 1.0
321.50 302.75 1.0
321.50 302.38 1.0
321.50 302.00 1.0
321.50 301.62 1.0
321.50 301.25 1.0
321.50 300.88 1.0
321.50 300.50 1.0
319.75 300.50 1.0
318.00 300.50 1.0
316.25 300.50 1.0
314.50 300.50 1.0
314.25 300.12 1.0
314.00 299.75 1.0
313.75 299.38 1.0
313.50 299.00 1.0
313.50 298.75 1.0
313.50 298.50 1.0
313.50 298.25 1.0
313.50 298.00 1.0
313.38 297.12 1.0
313.25 296.25 1.0
313.12 295.38 1.0
313.00 294.50 1.0
313.25 295.00 1.0
313.50 295.50 1.0
313.75 296.00 1.0
314.00 296.50 1.0
314.00 296.38 1.0
314.00 296.25 1.0
314.00 296.12 1.0
314.00 296.00 1.0
313.88 296.38 1.0
313.75 296.75 1.0
313.62 297.12 1.0
313.50 297.50 1.0
315.00 301.62 1.0
316.50 305.75 1.0
318.00 309.88 1.0
319.50 314.00 1.0
319.62 316.50 1.0
319.75 319.00 1.0
319.88 321.50 1.0
320.00 324.00 1.0
320.00 324.00 1.0
320.00 324.00 1.0
320.00 324.00 1.0
320.00 324.00 1.0
320.00 324.50 1.0
320.00 325.00 1.0
320.00 325.50 1.0
320.00 326.00 1.0
320.12 326.25 1.0
320.25 326.50 1.0
320.38 326.75 1.0
320.50 327.00 1.0
320.50 327.12 1.0
320.50 327.25 1.0
320.50 327.38 1.0
320.50 327.50 1.0
320.75 327.75 1.0
321.00 328.00 1.0
321.25 328.25 1.0
321.50 328.50 1.0
321.62 328.88 1.0
321.75 329.25 1.0
321.88 329.62 1.0
322.00 330.00 1.0
322.25 332.38 1.0
322.50 334.75 1.0
322.75 337.12 1.0
323.00 339.50 1.0
323.25 340.12 1.0
323.50 340.75 1.0
323.75 341.38 1.0
324.00 342.00 1.0
324.12 342.00 1.0
324.25 342.00 1.0
324.38 342.00 1.0
324.50 342.00 1.0
324.62 341.88 1.0
324.75 341.75 1.0
324.88 341.62 1.0
325.00 341.50 1.0
325.12 341.75 1.0
325.25 342.00 1.0
325.38 342.25 1.0
325.50 342.50 1.0
325.62 342.38 1.0
325.75 342.25 1.0
325.88 342.12 1.0
326.00 342.00 1.0
326.00 341.88 1.0
326.00 341.75 1.0
326.00 341.62 1.0
326.00 341.50 1.0
326.25 341.62 1.0
326.50 341.75 1.0
326.75 341.88 1.0
327.00 342.00 1.0
327.38 342.00 1.0
327.75 342.00 1.0
328.12 342.00 1.0
328.50 342.00 1.0
329.00 342.38 1.0
329.50 342.75 1.0
330.00 343.12 1.0
330.50 343.50 1.0
331.00 343.50 1.0
331.50 343.50 1.0
332.00 343.50 1.0
332.50 343.50 1.0
333.12 343.12 1.0
333.75 342.75 1.0
334.38 342.38 1.0
335.00 342.00 1.0
336.00 342.62 1.0
337.00 343.25 1.0
338.00 343.88 1.0
339.00 344.50 1.0
340.50 345.25 1.0
342.00 346.00 1.0
343.50 346.75 1.0
345.00 347.50 1.0
346.38 347.88 1.0
347.75 348.25 1.0
349.12 348.62 1.0
350.50 349.00 1.0
351.88 349.62 1.0
353.25 350.25 1.0
354.62 350.88 1.0
356.00 351.50 1.0
357.62 352.00 1.0
359.25 352.50 1.0
360.88 353.00 1.0
362.50 353.50 1.0
364.38 354.12 1.0
366.25 354.75 1.0
368.12 355.38 1.0
370.00 356.00 1.0
372.88 356.88 1.0
375.75 357.75 1.0
378.62 358.62 1.0
381.50 359.50 1.0
383.12 360.00 1.0
384.75 360.50 1.0
386.38 361.00 1.0
388.00 361.50 1.0
389.50 362.00 1.0
391.00 362.50 1.0
392.50 363.00 1.0
394.00 363.50 1.0
394.62 365.75 1.0
395.25 368.00 1.0
395.88 370.25 1.0
396.50 372.50 1.0
398.12 373.25 1.0
399.75 374.00 1.0
401.38 374.75 1.0
403.00 375.50 1.0
404.50 376.12 1.0
406.00 376.75 1.0
407.50 377.38 1.0
409.00 378.00 1.0
410.25 378.62 1.0
411.50 379.25 1.0
412.75 379.88 1.0
414.00 380.50 1.0
415.38 380.62 1.0
416.75 380.75 1.0
418.12 380.88 1.0
419.50 381.00 1.0
421.00 381.50 1.0
422.50 382.00 1.0
424.00 382.50 1.0
425.50 383.00 1.0
427.88 383.38 1.0
430.25 383.75 1.0
432.62 384.12 1.0
435.00 384.50 1.0
436.00 384.50 1.0
437.00 384.50 1.0
438.00 384.50 1.0
439.00 384.50 1.0
440.00 384.62 1.0
441.00 384.75 1.0
442.00 384.88 1.0
443.00 385.00 1.0
443.62 385.25 1.0
444.25 385.50 1.0
444.88 385.75 1.0
445.50 386.00 1.0
446.12 386.12 1.0
446.75 386.25 1.0
447.38 386.38 1.0
448.00 386.50 1.0
448.75 386.50 1.0
449.50 386.50 1.0
450.25 386.50 1.0
451.00 386.50 1.0
451.50 386.88 1.0
452.00 387.25 1.0
452.50 387.62 1.0
453.00 388.00 1.0
454.75 388.12 1.0
456.50 388.25 1.0
458.25 388.38 1.0
460.00 388.50 1.0
460.50 388.50 1.0
461.00 388.50 1.0
461.50 388.50 1.0
462.00 388.50 1.0
462.38 388.75 1.0
462.75 389.00 1.0
463.12 389.25 1.0
463.50 389.50 1.0
463.50 389.75 1.0
463.50 390.00 1.0
463.50 390.25 1.0
463.50 390.50 1.0
463.50 390.50 1.0
463.50 390.50 1.0
463.50 390.50 1.0
463.50 390.50 1.0
463.38 390.12 1.0
463.25 389.75 1.0
463.12 389.38 1.0
463.00 389.00 1.0
462.75 389.12 1.0
462.50 389.25 1.0
462.25 389.38 1.0
462.00 389.50 1.0
462.12 389.12 1.0
462.25 388.75 1.0
462.38 388.38 1.0
462.50 388.00 1.0
462.25 388.00 1.0
462.00 388.00 1.0
461.75 388.00 1.0
461.50 388.00 1.0
460.88 387.88 1.0
460.25 387.75 1.0
459.62 387.62 1.0
459.00 387.50 1.0
458.88 387.25 1.0
458.75 387.00 1.0
458.62 386.75 1.0
458.50 386.50 1.0
458.50 386.12 1.0
458.50 385.75 1.0
458.50 385.38 1.0
458.50 385.00 1.0
458.50 385.12 1.0
458.50 385.25 1.0
458.50 385.38 1.0
458.50 385.50 1.0
458.38 385.12 1.0
458.25 384.75 1.0
458.12 384.38 1.0
458.00 384.00 1.0
458.12 383.75 1.0
458.25 383.50 1.0
458.38 383.25 1.0
458.50 383.00 1.0
458.50 382.88 1.0
458.50 382.75 1.0
458.50 382.62 1.0
458.50 382.50 1.0
458.88 381.88 1.0
459.25 381.25 1.0
459.62 380.62 1.0
460.00 380.00 1.0
460.38 379.75 1.0
460.75 379.50 1.0
461.12 379.25 1.0
461.50 379.00 1.0
461.88 378.75 1.0
462.25 378.50 1.0
462.62 378.25 1.0
463.00 378.00 1.0
463.25 377.38 1.0
463.50 376.75 1.0
463.75 376.12 1.0
464.00 375.50 1.0
464.25 374.75 1.0
464.50 374.00 1.0
464.75 373.25 1.0
465.00 372.50 1.0
465.38 371.75 1.0
465.75 371.00 1.0
466.12 370.25 1.0
466.50 369.50 1.0
466.75 368.75 1.0
467.00 368.00 1.0
467.25 367.25 1.0
467.50 366.50 1.0
467.88 365.25 1.0
468.25 364.00 1.0
468.62 362.75 1.0
469.00 361.50 1.0
469.12 359.88 1.0
469.25 358.25 1.0
469.38 356.62 1.0
469.50 355.00 1.0
469.75 354.38 1.0
470.00 353.75 1.0
470.25 353.12 1.0
470.50 352.50 1.0
470.50 352.00 1.0
470.50 351.50 1.0
470.50 351.00 1.0
470.50 350.50 1.0
470.25 350.12 1.0
470.00 349.75 1.0
469.75 349.38 1.0
469.50 349.00 1.0
469.38 348.75 1.0
469.25 348.50 1.0
469.12 348.25 1.0
469.00 348.00 1.0
468.50 347.62 1.0
468.00 347.25 1.0
467.50 346.88 1.0
467.00 346.50 1.0
466.50 346.12 1.0
466.00 345.75 1.0
465.50 345.38 1.0
465.00 345.00 1.0
464.12 344.62 1.0
463.25 344.25 1.0
462.38 343.88 1.0
461.50 343.50 1.0
459.12 343.50 1.0
456.75 343.50 1.0
454.38 343.50 1.0
452.00 343.50 1.0
450.00 343.62 1.0
448.00 343.75 1.0
446.00 343.88 1.0
444.00 344.00 1.0
443.38 343.50 1.0
442.75 343.00 1.0
442.12 342.50 1.0
441.50 342.00 1.0
440.12 341.75 1.0
438.75 341.50 1.0
437.38 341.25 1.0
436.00 341.00 1.0
434.62 340.12 1.0
433.25 339.25 1.0
431.88 338.38 1.0
430.50 337.50 1.0
428.75 336.88 1.0
427.00 336.25 1.0
425.25 335.62 1.0
423.50 335.00 1.0
422.00 334.62 1.0
420.50 334.25 1.0
419.00 333.88 1.0
417.50 333.50 1.0
415.38 332.88 1.0
413.25 332.25 1.0
411.12 331.62 1.0
409.00 331.00 1.0
407.50 330.88 1.0
406.00 330.75 1.0
404.50 330.62 1.0
403.00 330.50 1.0
401.50 330.12 1.0
400.00 329.75 1.0
398.50 329.38 1.0
397.00 329.00 1.0
395.38 328.75 1.0
393.75 328.50 1.0
392.12 328.25 1.0
390.50 328.00 1.0
388.62 327.50 1.0
386.75 327.00 1.0
384.88 326.50 1.0
383.00 326.00 1.0
381.12 325.38 1.0
379.25 324.75 1.0
377.38 324.12 1.0
375.50 323.50 1.0
373.12 322.88 1.0
370.75 322.25 1.0
368.38 321.62 1.0
366.00 321.00 1.0
364.50 320.62 1.0
363.00 320.25 1.0
361.50 319.88 1.0
360.00 319.50 1.0
358.38 318.88 1.0
356.75 318.25 1.0
355.12 317.62 1.0
353.50 317.00 1.0
352.25 316.50 1.0
351.00 316.00 1.0
349.75 315.50 1.0
348.50 315.00 1.0
347.25 314.62 1.0
346.00 314.25 1.0
344.75 313.88 1.0
343.50 313.50 1.0
342.12 312.88 1.0
340.75 312.25 1.0
339.38 311.62 1.0
338.00 311.00 1.0
336.88 311.00 1.0
335.75 311.00 1.0
334.62 311.00 1.0
333.50 311.00 1.0
332.75 310.50 1.0
332.00 310.00 1.0
331.25 309.50 1.0
330.50 309.00 1.0
329.25 309.00 1.0
328.00 309.00 1.0
326.75 309.00 1.0
325.50 309.00 1.0
324.62 308.12 1.0
323.75 307.25 1.0
322.88 306.38 1.0
322.00 305.50 1.0
321.12 305.38 1.0
320.25 305.25 1.0
319.38 305.12 1.0
318.50 305.00 1.0
317.50 304.38 1.0
316.50 303.75 1.0
315.50 303.12 1.0
314.50 302.50 1.0
313.50 302.50 1.0
312.50 302.50 1.0
311.50 302.50 1.0
310.50 302.50 1.0
309.50 302.50 1.0
308.50 302.50 1.0
307.50 302.50 1.0
306.50 302.50 1.0
306.00 302.50 1.0
305.50 302.50 1.0
305.00 302.50 1.0
304.50 302.50 1.0
304.00 302.25 1.0
303.50 302.00 1.0
303.00 301.75 1.0
302.50 301.50 1.0
302.38 301.75 1.0
302.25 302.00 1.0
302.12 302.25 1.0
302.00 302.50 1.0
301.88 302.88 1.0
301.75 303.25 1.0
301.62 303.62 1.0
301.50 304.00 1.0
301.50 303.62 1.0
301.50 303.25 1.0
301.50 302.88 1.0
301.50 302.50 1.0
301.38 302.38 1.0
301.25 302.25 1.0
301.12 302.12 1.0
301.00 302.00 1.0
300.88 301.75 1.0
300.75 301.50 1.0
300.62 301.25 1.0
300.50 301.00 1.0
300.75 301.25 1.0
301.00 301.50 1.0
301.25 301.75 1.0
301.50 302.00 1.0
301.50 302.12 1.0
301.50 302.25 1.0
301.50 302.38 1.0
301.50 302.50 1.0
301.62 302.50 1.0
301.75 302.50 1.0
301.88 302.50 1.0
302.00 302.50 1.0
302.38 302.38 1.0
302.75 302.25 1.0
303.12 302.12 1.0
303.50 302.00 1.0
303.88 301.38 1.0
304.25 300.75 1.0
304.62 300.12 1.0
305.00 299.50 1.0
305.50 299.00 1.0
306.00 298.50 1.0
306.50 298.00 1.0
307.00 297.50 1.0
307.25 297.00 1.0
307.50 296.50 1.0
307.75 296.00 1.0
308.00 295.50 1.0
308.25 294.88 1.0
308.50 294.25 1.0
308.75 293.62 1.0
309.00 293.00 1.0
309.12 292.00 1.0
309.25 291.00 1.0
309.38 290.00 1.0
309.50 289.00 1.0
309.62 288.00 1.0
309.75 287.00 1.0
309.88 286.00 1.0
310.00 285.00 1.0
310.50 284.00 1.0
311.00 283.00 1.0
311.50 282.00 1.0
312.00 281.00 1.0
310.75 278.75 1.0
309.50 276.50 1.0
308.25 274.25 1.0
307.00 272.00 1.0
307.38 270.88 1.0
307.75 269.75 1.0
308.12 268.62 1.0
308.50 267.50 1.0
308.50 265.88 1.0
308.50 264.25 1.0
308.50 262.62 1.0
308.50 261.00 1.0
308.88 260.00 1.0
309.25 259.00 1.0
309.62 258.00 1.0
310.00 257.00 1.0
310.12 255.75 1.0
310.25 254.50 1.0
310.38 253.25 1.0
310.50 252.00 1.0
310.75 251.62 1.0
311.00 251.25 1.0
311.25 250.88 1.0
311.50 250.50 1.0
311.50 250.38 1.0
311.50 250.25 1.0
311.50 250.12 1.0
311.50 250.00 1.0
311.88 249.75 1.0
312.25 249.50 1.0
312.62 249.25 1.0
313.00 249.00 1.0
313.38 248.62 1.0
313.75 248.25 1.0
314.12 247.88 1.0
314.50 247.50 1.0
314.50 247.62 1.0
314.50 247.75 1.0
314.50 247.88 1.0
314.50 248.00 1.0
313.62 248.12 1.0
312.75 248.25 1.0
311.88 248.38 1.0
311.00 248.50 1.0
311.50 248.62 1.0
312.00 248.75 1.0
312.50 248.88 1.0
313.00 249.00 1.0
313.75 249.00 1.0
314.50 249.00 1.0
315.25 249.00 1.0
316.00 249.00 1.0
316.88 249.00 1.0
317.75 249.00 1.0
318.62 249.00 1.0
319.50 249.00 1.0
320.88 249.50 1.0
322.25 250.00 1.0
323.62 250.50 1.0
325.00 251.00 1.0
326.38 251.62 1.0
327.75 252.25 1.0
329.12 252.88 1.0
330.50 253.50 1.0
332.38 253.88 1.0
334.25 254.25 1.0
336.12 254.62 1.0
338.00 255.00 1.0
339.62 255.25 1.0
341.25 255.50 1.0
342.88 255.75 1.0
344.50 256.00 1.0
346.25 256.75 1.0
348.00 257.50 1.0
349.75 258.25 1.0
351.50 259.00 1.0
353.62 259.88 1.0
355.75 260.75 1.0
357.88 261.62 1.0
360.00 262.50 1.0
361.62 263.25 1.0
363.25 264.00 1.0
364.88 264.75 1.0
366.50 265.50 1.0
368.12 266.12 1.0
369.75 266.75 1.0
371.38 267.38 1.0
373.00 268.00 1.0
375.38 269.12 1.0
377.75 270.25 1.0
380.12 271.38 1.0
382.50 272.50 1.0
384.50 273.50 1.0
386.50 274.50 1.0
388.50 275.50 1.0
390.50 276.50 1.0
394.75 280.38 1.0
399.00 284.25 1.0
403.25 288.12 1.0
407.50 292.00 1.0
409.38 293.25 1.0
411.25 294.50 1.0
413.12 295.75 1.0
415.00 297.00 1.0
416.75 298.00 1.0
418.50 299.00 1.0
420.25 300.00 1.0
422.00 301.00 1.0
423.88 301.62 1.0
425.75 302.25 1.0
427.62 302.88 1.0
429.50 303.50 1.0
431.38 304.12 1.0
433.25 304.75 1.0
435.12 305.38 1.0
437.00 306.00 1.0
438.62 307.00 1.0
440.25 308.00 1.0
441.88 309.00 1.0
443.50 310.00 1.0
444.88 310.38 1.0
446.25 310.75 1.0
447.62 311.12 1.0
449.00 311.50 1.0
450.38 312.50 1.0
451.75 313.50 1.0
453.12 314.50 1.0
454.50 315.50 1.0
456.12 316.25 1.0
457.75 317.00 1.0
459.38 317.75 1.0
461.00 318.50 1.0
462.12 319.25 1.0
463.25 320.00 1.0
464.38 320.75 1.0
465.50 321.50 1.0
466.12 321.88 1.0
466.75 322.25 1.0
467.38 322.62 1.0
468.00 323.00 1.0
468.75 323.25 1.0
469.50 323.50 1.0
470.25 323.75 1.0
471.00 324.00 1.0
471.38 324.25 1.0
471.75 324.50 1.0
472.12 324.75 1.0
472.50 325.00 1.0
473.00 325.38 1.0
473.50 325.75 1.0
474.00 326.12 1.0
474.50 326.50 1.0
475.00 326.75 1.0
475.50 327.00 1.0
476.00 327.25 1.0
476.50 327.50 1.0
476.12 327.50 1.0
475.75 327.50 1.0
475.38 327.50 1.0
475.00 327.50 1.0
474.88 327.38 1.0
474.75 327.25 1.0
474.62 327.12 1.0
474.50 327.00 1.0
474.62 327.12 1.0
474.75 327.25 1.0
474.88 327.38 1.0
475.00 327.50 1.0
474.88 327.25 1.0
474.75 327.00 1.0
474.62 326.75 1.0
474.50 326.50 1.0
474.38 326.50 1.0
474.25 326.50 1.0
474.12 326.50 1.0
474.00 326.50 1.0
473.88 326.25 1.0
473.75 326.00 1.0
473.62 325.75 1.0
473.50 325.50 1.0
473.25 325.12 1.0
473.00 324.75 1.0
472.75 324.38 1.0
472.50 324.00 1.0
472.50 323.50 1.0
472.50 323.00 1.0
472.50 322.50 1.0
472.50 322.00 1.0
472.38 321.38 1.0
472.25 320.75 1.0
472.12 320.12 1.0
472.00 319.50 1.0
472.12 318.75 1.0
472.25 318.00 1.0
472.38 317.25 1.0
472.50 316.50 1.0
472.25 314.00 1.0
472.00 311.50 1.0
471.75 309.00 1.0
471.50 306.50 1.0
471.50 305.12 1.0
471.50 303.75 1.0
471.50 302.38 1.0
471.50 301.00 1.0
471.62 300.25 1.0
471.75 299.50 1.0
471.88 298.75 1.0
472.00 298.00 1.0
471.75 296.62 1.0
471.50 295.25 1.0
471.25 293.88 1.0
471.00 292.50 1.0
470.75 291.50 1.0
470.50 290.50 1.0
470.25 289.50 1.0
470.00 288.50 1.0
469.75 287.62 1.0
469.50 286.75 1.0
469.25 285.88 1.0
469.00 285.00 1.0
468.75 283.75 1.0
468.50 282.50 1.0
468.25 281.25 1.0
468.00 280.00 1.0
468.88 278.25 1.0
469.75 276.50 1.0
470.62 274.75 1.0
471.50 273.00 1.0
471.38 272.12 1.0
471.25 271.25 1.0
471.12 270.38 1.0
471.00 269.50 1.0
470.75 268.50 1.0
470.50 267.50 1.0
470.25 266.50 1.0
470.00 265.50 1.0
470.00 265.75 1.0
470.00 266.00 1.0
470.00 266.25 1.0
470.00 266.50 1.0
469.88 266.00 1.0
469.75 265.50 1.0
469.62 265.00 1.0
469.50 264.50 1.0
469.25 264.25 1.0
469.00 264.00 1.0
468.75 263.75 1.0
468.50 263.50 1.0
468.25 263.50 1.0
468.00 263.50 1.0
467.75 263.50 1.0
467.50 263.50 1.0
467.25 263.38 1.0
467.00 263.25 1.0
466.75 263.12 1.0
466.50 263.00 1.0
466.25 263.25 1.0
466.00 263.50 1.0
465.75 263.75 1.0
465.50 264.00 1.0
465.00 263.50 1.0
464.50 263.00 1.0
464.00 262.50 1.0
463.50 262.00 1.0
462.25 261.62 1.0
461.00 261.25 1.0
459.75 260.88 1.0
458.50 260.50 1.0
457.38 260.25 1.0
456.25 260.00 1.0
455.12 259.75 1.0
454.00 259.50 1.0
452.50 258.62 1.0
451.00 257.75 1.0
449.50 256.88 1.0
448.00 256.00 1.0
446.50 255.25 1.0
445.00 254.50 1.0
443.50 253.75 1.0
442.00 253.00 1.0
440.38 252.38 1.0
438.75 251.75 1.0
437.12 251.12 1.0
435.50 250.50 1.0
433.88 250.12 1.0
432.25 249.75 1.0
430.62 249.38 1.0
429.00 249.00 1.0
427.50 248.38 1.0
426.00 247.75 1.0
424.50 247.12 1.0
423.00 246.50 1.0
421.12 246.00 1.0
419.25 245.50 1.0
417.38 245.00 1.0
415.50 244.50 1.0
413.50 243.88 1.0
411.50 243.25 1.0
409.50 242.62 1.0
407.50 242.00 1.0
405.62 241.50 1.0
403.75 241.00 1.0
401.88 240.50 1.0
400.00 240.00 1.0
398.38 239.12 1.0
396.75 238.25 1.0
395.12 237.38 1.0
393.50 236.50 1.0
392.12 236.12 1.0
390.75 235.75 1.0
389.38 235.38 1.0
388.00 235.00 1.0
386.62 234.38 1.0
385.25 233.75 1.0
383.88 233.12 1.0
382.50 232.50 1.0
381.38 232.50 1.0
380.25 232.50 1.0
379.12 232.50 1.0
378.00 232.50 1.0
376.25 232.75 1.0
374.50 233.00 1.0
372.75 233.25 1.0
371.00 233.50 1.0
369.88 233.38 1.0
368.75 233.25 1.0
367.62 233.12 1.0
366.50 233.00 1.0
365.00 232.75 1.0
363.50 232.50 1.0
362.00 232.25 1.0
360.50 232.00 1.0
359.00 231.38 1.0
357.50 230.75 1.0
356.00 230.12 1.0
354.50 229.50 1.0
352.38 229.12 1.0
350.25 228.75 1.0
348.12 228.38 1.0
346.00 228.00 1.0
344.62 227.62 1.0
343.25 227.25 1.0
341.88 226.88 1.0
340.50 226.50 1.0
339.62 226.38 1.0
338.75 226.25 1.0
337.88 226.12 1.0
337.00 226.00 1.0
335.88 225.75 1.0
334.75 225.50 1.0
333.62 225.25 1.0
332.50 225.00 1.0
331.88 224.88 1.0
331.25 224.75 1.0
330.62 224.62 1.0
330.00 224.50 1.0
328.88 224.38 1.0
327.75 224.25 1.0
326.62 224.12 1.0
325.50 224.00 1.0
324.62 223.88 1.0
323.75 223.75 1.0
322.88 223.62 1.0
322.00 223.50 1.0
321.12 223.38 1.0
320.25 223.25 1.0
319.38 223.12 1.0
318.50 223.00 1.0
317.62 223.00 1.0
316.75 223.00 1.0
315.88 223.00 1.0
315.00 223.00 1.0
314.50 223.00 1.0
314.00 223.00 1.0
313.50 223.00 1.0
313.00 223.00 1.0
312.62 223.12 1.0
312.25 223.25 1.0
311.88 223.38 1.0
311.50 223.50 1.0
311.38 223.50 1.0
311.25 223.50 1.0
311.12 223.50 1.0
311.00 223.50 1.0
311.12 223.62 1.0
311.25 223.75 1.0
311.38 223.88 1.0
311.50 224.00 1.0
311.62 223.88 1.0
311.75 223.75 1.0
311.88 223.62 1.0
312.00 223.50 1.0
312.12 223.62 1.0
312.25 223.75 1.0
312.38 223.88 1.0
312.50 224.00 1.0
312.62 224.12 1.0
312.75 224.25 1.0
312.88 224.38 1.0
313.00 224.50 1.0
313.00 224.12 1.0
313.00 223.75 1.0
313.00 223.38 1.0
313.00 223.00 1.0
313.12 222.62 1.0
313.25 222.25 1.0
313.38 221.88 1.0
313.50 221.50 1.0
313.67 221.00 1.0
313.83 220.50 1.0
314.00 220.00 1.0
