378.46153846153845 248.07692307692307 1.0
378.46153846153845 248.07692307692307 1.0
378.46153846153845 248.07692307692307 1.0
372.3076923076923 248.07692307692307 1.0
369.2307692307692 252.69230769230768 1.0
369.2307692307692 253.84615384615384 1.0
369.2307692307692 252.69230769230768 1.0
370.7692307692308 249.23076923076923 1.0
367.6923076923077 250.3846153846154 1.0
367.6923076923077 250.3846153846154 1.0
370.7692307692308 241.15384615384616 1.0
370.7692307692308 241.15384615384616 1.0
372.3076923076923 241.15384615384616 1.0
372.3076923076923 241.15384615384616 1.0
370.7692307692308 237.69230769230768 1.0
370.7692307692308 236.53846153846155 1.0
372.3076923076923 236.53846153846155 1.0
372.3076923076923 236.53846153846155 1.0
367.6923076923077 230.76923076923077 1.0
367.6923076923077 231.92307692307693 1.0
366.15384615384613 231.92307692307693 1.0
363.0769230769231 231.92307692307693 1.0
329.2307692307692 238.84615384615384 1.0
295.38461538461536 248.07692307692307 1.0
278.46153846153845 251.53846153846155 1.0
264.61538461538464 255.0 1.0
253.84615384615384 257.3076923076923 1.0
249.23076923076923 257.3076923076923 1.0
246.15384615384616 257.3076923076923 1.0
243.07692307692307 260.7692307692308 1.0
243.07692307692307 260.7692307692308 1.0
247.69230769230768 258.46153846153845 1.0
247.69230769230768 257.3076923076923 1.0
250.76923076923077 255.0 1.0
250.76923076923077 255.0 1.0
261.53846153846155 251.53846153846155 1.0
309.2307692307692 237.69230769230768 1.0
356.9230769230769 234.23076923076923 1.0
393.84615384615387 235.3846153846154 1.0
410.7692307692308 242.30769230769232 1.0
423.0769230769231 242.30769230769232 1.0
426.15384615384613 238.84615384615384 1.0
427.6923076923077 236.53846153846155 1.0
424.61538461538464 237.69230769230768 1.0
423.0769230769231 237.69230769230768 1.0
421.53846153846155 236.53846153846155 1.0
404.61538461538464 230.76923076923077 1.0
398.46153846153845 228.46153846153845 1.0
398.46153846153845 228.46153846153845 1.0
398.46153846153845 228.46153846153845 1.0
396.9230769230769 235.3846153846154 1.0
395.38461538461536 242.30769230769232 1.0
389.2307692307692 249.23076923076923 1.0
383.0769230769231 252.69230769230768 1.0
364.61538461538464 260.7692307692308 1.0
355.38461538461536 267.6923076923077 1.0
350.7692307692308 272.3076923076923 1.0
344.61538461538464 276.9230769230769 1.0
338.46153846153845 285.0 1.0
329.2307692307692 288.46153846153845 1.0
324.61538461538464 286.15384615384613 1.0
327.6923076923077 289.61538461538464 1.0
327.6923076923077 294.2307692307692 1.0
326.15384615384613 291.9230769230769 1.0
327.6923076923077 286.15384615384613 1.0
330.7692307692308 281.53846153846155 1.0
330.7692307692308 274.61538461538464 1.0
338.46153846153845 274.61538461538464 1.0
343.0769230769231 276.9230769230769 1.0
356.9230769230769 276.9230769230769 1.0
364.61538461538464 273.46153846153845 1.0
373.84615384615387 259.61538461538464 1.0
375.38461538461536 252.69230769230768 1.0
370.7692307692308 251.53846153846155 1.0
372.3076923076923 245.76923076923077 1.0
378.46153846153845 236.53846153846155 1.0
386.15384615384613 233.07692307692307 1.0
386.15384615384613 229.6153846153846 1.0
383.0769230769231 225.0 1.0
383.0769230769231 223.84615384615384 1.0
383.0769230769231 219.23076923076923 1.0
383.0769230769231 212.30769230769232 1.0
386.15384615384613 205.3846153846154 1.0
390.7692307692308 200.76923076923077 1.0
389.2307692307692 197.30769230769232 1.0
387.6923076923077 197.30769230769232 1.0
383.0769230769231 192.69230769230768 1.0
383.0769230769231 192.69230769230768 1.0
387.6923076923077 192.69230769230768 1.0
375.38461538461536 192.69230769230768 1.0
323.0769230769231 196.15384615384616 1.0
301.53846153846155 197.30769230769232 1.0
301.53846153846155 199.6153846153846 1.0
300.0 203.07692307692307 1.0
300.0 203.07692307692307 1.0
300.0 200.76923076923077 1.0
300.0 201.92307692307693 1.0
300.0 207.69230769230768 1.0
300.0 207.69230769230768 1.0
324.61538461538464 197.30769230769232 1.0
367.6923076923077 200.76923076923077 1.0
378.46153846153845 203.07692307692307 1.0
376.9230769230769 205.3846153846154 1.0
375.38461538461536 208.84615384615384 1.0
370.7692307692308 211.15384615384616 1.0
367.6923076923077 211.15384615384616 1.0
367.6923076923077 211.15384615384616 1.0
372.3076923076923 211.15384615384616 1.0
372.3076923076923 213.46153846153845 1.0
370.7692307692308 215.76923076923077 1.0
367.6923076923077 216.92307692307693 1.0
367.6923076923077 234.23076923076923 1.0
364.61538461538464 249.23076923076923 1.0
360.0 271.15384615384613 1.0
352.3076923076923 285.0 1.0
343.0769230769231 295.38461538461536 1.0
340.0 300.0 1.0
340.0 308.0769230769231 1.0
343.0769230769231 309.2307692307692 1.0
346.15384615384613 313.84615384615387 1.0
341.53846153846155 320.7692307692308 1.0
340.0 319.61538461538464 1.0
341.53846153846155 319.61538461538464 1.0
344.61538461538464 319.61538461538464 1.0
346.15384615384613 312.6923076923077 1.0
349.2307692307692 300.0 1.0
352.3076923076923 291.9230769230769 1.0
353.84615384615387 285.0 1.0
358.46153846153845 273.46153846153845 1.0
363.0769230769231 265.38461538461536 1.0
367.6923076923077 258.46153846153845 1.0
367.6923076923077 252.69230769230768 1.0
369.2307692307692 249.23076923076923 1.0
369.2307692307692 249.23076923076923 1.0
366.15384615384613 250.3846153846154 1.0
366.15384615384613 250.3846153846154 1.0
364.61538461538464 250.3846153846154 1.0
364.61538461538464 250.3846153846154 1.0
369.2307692307692 248.07692307692307 1.0
372.3076923076923 248.07692307692307 1.0
372.3076923076923 248.07692307692307 1.0
373.84615384615387 244.6153846153846 1.0
376.9230769230769 238.84615384615384 1.0
378.46153846153845 235.3846153846154 1.0
380.0 228.46153846153845 1.0
386.15384615384613 225.0 1.0
386.15384615384613 220.3846153846154 1.0
387.6923076923077 215.76923076923077 1.0
383.0769230769231 214.6153846153846 1.0
378.46153846153845 211.15384615384616 1.0
378.46153846153845 211.15384615384616 1.0
375.38461538461536 214.6153846153846 1.0
370.7692307692308 216.92307692307693 1.0
360.0 212.30769230769232 1.0
336.9230769230769 215.76923076923077 1.0
316.9230769230769 220.3846153846154 1.0
312.3076923076923 225.0 1.0
306.15384615384613 225.0 1.0
306.15384615384613 220.3846153846154 1.0
309.2307692307692 219.23076923076923 1.0
309.2307692307692 222.69230769230768 1.0
312.3076923076923 222.69230769230768 1.0
312.3076923076923 221.53846153846155 1.0
340.0 214.6153846153846 1.0
372.3076923076923 213.46153846153845 1.0
380.0 218.07692307692307 1.0
380.0 219.23076923076923 1.0
381.53846153846155 219.23076923076923 1.0
383.0769230769231 219.23076923076923 1.0
378.46153846153845 219.23076923076923 1.0
375.38461538461536 218.07692307692307 1.0
375.38461538461536 220.3846153846154 1.0
375.38461538461536 225.0 1.0
366.15384615384613 227.30769230769232 1.0
370.7692307692308 230.76923076923077 1.0
369.2307692307692 241.15384615384616 1.0
373.84615384615387 251.53846153846155 1.0
373.84615384615387 261.9230769230769 1.0
367.6923076923077 274.61538461538464 1.0
358.46153846153845 283.84615384615387 1.0
353.84615384615387 287.3076923076923 1.0
352.3076923076923 290.7692307692308 1.0
350.7692307692308 294.2307692307692 1.0
344.61538461538464 306.9230769230769 1.0
343.0769230769231 309.2307692307692 1.0
340.0 310.38461538461536 1.0
340.0 310.38461538461536 1.0
340.0 313.84615384615387 1.0
340.0 317.3076923076923 1.0
341.53846153846155 317.3076923076923 1.0
347.6923076923077 320.7692307692308 1.0
346.15384615384613 326.53846153846155 1.0
346.15384615384613 324.2307692307692 1.0
346.15384615384613 320.7692307692308 1.0
349.2307692307692 320.7692307692308 1.0
358.46153846153845 320.7692307692308 1.0
366.15384615384613 318.46153846153845 1.0
370.7692307692308 318.46153846153845 1.0
376.9230769230769 318.46153846153845 1.0
386.15384615384613 318.46153846153845 1.0
398.46153846153845 321.9230769230769 1.0
398.46153846153845 321.9230769230769 1.0
396.9230769230769 320.7692307692308 1.0
396.9230769230769 320.7692307692308 1.0
396.9230769230769 321.9230769230769 1.0
390.7692307692308 321.9230769230769 1.0
353.84615384615387 319.61538461538464 1.0
353.84615384615387 319.61538461538464 1.0
350.7692307692308 318.46153846153845 1.0
312.3076923076923 320.7692307692308 1.0
296.9230769230769 325.38461538461536 1.0
292.3076923076923 324.2307692307692 1.0
287.6923076923077 324.2307692307692 1.0
278.46153846153845 324.2307692307692 1.0
278.46153846153845 321.9230769230769 1.0
263.0769230769231 330.0 1.0
258.46153846153845 334.61538461538464 1.0
256.9230769230769 331.15384615384613 1.0
258.46153846153845 328.84615384615387 1.0
318.46153846153845 317.3076923076923 1.0
361.53846153846155 323.0769230769231 1.0
369.2307692307692 325.38461538461536 1.0
369.2307692307692 321.9230769230769 1.0
369.2307692307692 317.3076923076923 1.0
369.2307692307692 317.3076923076923 1.0
373.84615384615387 319.61538461538464 1.0
373.84615384615387 319.61538461538464 1.0
369.2307692307692 319.61538461538464 1.0
364.61538461538464 317.3076923076923 1.0
369.2307692307692 327.6923076923077 1.0
375.38461538461536 339.2307692307692 1.0
375.38461538461536 339.2307692307692 1.0
375.38461538461536 338.0769230769231 1.0
375.38461538461536 336.9230769230769 1.0
375.38461538461536 338.0769230769231 1.0
375.38461538461536 342.6923076923077 1.0
375.38461538461536 347.3076923076923 1.0
372.3076923076923 348.46153846153845 1.0
372.3076923076923 346.15384615384613 1.0
372.3076923076923 341.53846153846155 1.0
