315.38461538461536 279.23076923076917 1
315.38461538461536 279.23076923076917 1
301.53846153846155 185.7692307692308 0
301.53846153846155 185.7692307692308 0
313.84615384615387 286.15384615384613 1
313.84615384615387 288.46153846153845 1
313.84615384615387 287.3076923076923 1
301.53846153846155 185.7692307692308 0
301.53846153846155 185.7692307692308 0
312.3076923076923 287.3076923076923 1
316.92307692307685 290.76923076923083 1
316.92307692307685 290.76923076923083 1
303.07692307692315 188.0769230769231 0
301.53846153846155 185.7692307692308 0
301.53846153846155 188.0769230769231 0
316.92307692307685 290.76923076923083 1
316.92307692307685 290.76923076923083 1
303.07692307692315 189.23076923076923 0
303.07692307692315 188.0769230769231 0
316.92307692307685 290.76923076923083 1
316.92307692307685 290.76923076923083 1
316.92307692307685 290.76923076923083 1
303.07692307692315 189.23076923076923 0
316.92307692307685 290.76923076923083 0
316.92307692307685 290.76923076923083 1
316.92307692307685 290.76923076923083 1
316.92307692307685 290.76923076923083 1
316.92307692307685 290.76923076923083 1
316.92307692307685 288.46153846153845 1
316.92307692307685 283.84615384615387 1
316.92307692307685 283.84615384615387 0
316.92307692307685 283.84615384615387 1
316.92307692307685 286.15384615384613 1
316.92307692307685 286.15384615384613 0
316.92307692307685 286.15384615384613 0
316.92307692307685 286.15384615384613 1
316.92307692307685 286.15384615384613 1
316.92307692307685 289.61538461538464 1
316.92307692307685 289.61538461538464 1
316.92307692307685 289.61538461538464 1
316.92307692307685 289.61538461538464 0
316.92307692307685 289.61538461538464 1
316.92307692307685 289.61538461538464 1
316.92307692307685 289.61538461538464 1
316.92307692307685 289.61538461538464 0
316.92307692307685 289.61538461538464 0
316.92307692307685 289.61538461538464 0
307.6923076923077 206.53846153846158 0
290.76923076923083 221.53846153846158 0
315.38461538461536 233.0769230769231 0
315.38461538461536 235.38461538461542 0
315.38461538461536 234.23076923076923 0
315.38461538461536 230.7692307692308 0
313.84615384615387 222.6923076923077 0
306.15384615384613 203.0769230769231 0
304.61538461538464 193.84615384615384 1
296.92307692307685 218.0769230769231 1
296.92307692307685 218.0769230769231 1
296.92307692307685 218.0769230769231 1
296.92307692307685 231.9230769230769 1
296.92307692307685 231.9230769230769 1
304.61538461538464 197.3076923076923 0
306.15384615384613 198.46153846153842 0
306.15384615384613 200.7692307692308 0
306.15384615384613 205.38461538461542 0
307.6923076923077 349.6153846153846 0
306.15384615384613 341.53846153846155 0
306.15384615384613 341.53846153846155 0
306.15384615384613 341.53846153846155 0
306.15384615384613 339.23076923076917 1
316.92307692307685 336.92307692307685 1
316.92307692307685 336.92307692307685 1
316.92307692307685 336.92307692307685 1
318.46153846153845 325.38461538461536 0
318.46153846153845 325.38461538461536 0
318.46153846153845 325.38461538461536 0
318.46153846153845 325.38461538461536 1
318.46153846153845 320.76923076923083 1
318.46153846153845 320.76923076923083 1
318.46153846153845 320.76923076923083 1
318.46153846153845 320.76923076923083 1
318.46153846153845 320.76923076923083 1
318.46153846153845 320.76923076923083 0
318.46153846153845 320.76923076923083 0
318.46153846153845 312.6923076923077 1
318.46153846153845 312.6923076923077 1
313.84615384615387 303.46153846153845 1
313.84615384615387 303.46153846153845 1
313.84615384615387 303.46153846153845 0
313.84615384615387 303.46153846153845 0
313.84615384615387 303.46153846153845 1
313.84615384615387 303.46153846153845 1
313.84615384615387 303.46153846153845 1
313.84615384615387 303.46153846153845 1
313.84615384615387 303.46153846153845 1
313.84615384615387 303.46153846153845 0
313.84615384615387 303.46153846153845 0
313.84615384615387 303.46153846153845 0
313.84615384615387 303.46153846153845 1
313.84615384615387 303.46153846153845 1
313.84615384615387 303.46153846153845 1
313.84615384615387 303.46153846153845 1
313.84615384615387 303.46153846153845 1
313.84615384615387 303.46153846153845 1
313.84615384615387 303.46153846153845 0
313.84615384615387 303.46153846153845 0
313.84615384615387 303.46153846153845 0
313.84615384615387 303.46153846153845 1
313.84615384615387 303.46153846153845 1
313.84615384615387 303.46153846153845 0
313.84615384615387 303.46153846153845 0
313.84615384615387 303.46153846153845 1
313.84615384615387 303.46153846153845 1
313.84615384615387 303.46153846153845 1
313.84615384615387 303.46153846153845 1
313.84615384615387 303.46153846153845 1
313.84615384615387 303.46153846153845 1
313.84615384615387 303.46153846153845 0
313.84615384615387 303.46153846153845 0
313.84615384615387 303.46153846153845 1
313.84615384615387 303.46153846153845 1
313.84615384615387 303.46153846153845 1
313.84615384615387 303.46153846153845 1
312.3076923076923 305.76923076923083 1
312.3076923076923 305.76923076923083 1
312.3076923076923 305.76923076923083 1
312.3076923076923 305.76923076923083 0
312.3076923076923 305.76923076923083 0
312.3076923076923 305.76923076923083 0
312.3076923076923 305.76923076923083 0
312.3076923076923 305.76923076923083 1
312.3076923076923 305.76923076923083 1
312.3076923076923 305.76923076923083 1
312.3076923076923 305.76923076923083 1
312.3076923076923 305.76923076923083 1
312.3076923076923 305.76923076923083 1
312.3076923076923 305.76923076923083 1
312.3076923076923 305.76923076923083 1
312.3076923076923 305.76923076923083 0
312.3076923076923 305.76923076923083 1
312.3076923076923 305.76923076923083 1
312.3076923076923 305.76923076923083 1
312.3076923076923 305.76923076923083 1
312.3076923076923 305.76923076923083 1
312.3076923076923 305.76923076923083 1
312.3076923076923 305.76923076923083 1
312.3076923076923 305.76923076923083 0
312.3076923076923 305.76923076923083 1
312.3076923076923 305.76923076923083 1
312.3076923076923 305.76923076923083 0
312.3076923076923 305.76923076923083 0
312.3076923076923 305.76923076923083 1
312.3076923076923 305.76923076923083 0
312.3076923076923 305.76923076923083 1
312.3076923076923 305.76923076923083 1
312.3076923076923 305.76923076923083 1
312.3076923076923 305.76923076923083 0
312.3076923076923 305.76923076923083 0
312.3076923076923 305.76923076923083 1
312.3076923076923 305.76923076923083 1
312.3076923076923 305.76923076923083 1
312.3076923076923 305.76923076923083 1
312.3076923076923 305.76923076923083 1
312.3076923076923 305.76923076923083 1
312.3076923076923 305.76923076923083 1
312.3076923076923 305.76923076923083 0
312.3076923076923 305.76923076923083 0
312.3076923076923 305.76923076923083 0
312.3076923076923 305.76923076923083 0
312.3076923076923 305.76923076923083 1
312.3076923076923 305.76923076923083 1
312.3076923076923 305.76923076923083 1
312.3076923076923 305.76923076923083 1
312.3076923076923 305.76923076923083 1
312.3076923076923 305.76923076923083 1
312.3076923076923 320.76923076923083 1
312.3076923076923 320.76923076923083 1
307.6923076923077 320.76923076923083 1
304.61538461538464 316.15384615384613 1
304.61538461538464 316.15384615384613 1
304.61538461538464 316.15384615384613 0
304.61538461538464 316.15384615384613 0
304.61538461538464 310.38461538461536 1
304.61538461538464 311.53846153846155 1
352.3076923076923 306.92307692307685 1
352.3076923076923 300.0 1
373.8461538461538 274.61538461538464 1
373.8461538461538 275.76923076923083 1
373.8461538461538 275.76923076923083 0
301.53846153846155 183.46153846153842 0
436.92307692307685 227.3076923076923 0
424.6153846153846 203.0769230769231 0
423.07692307692315 204.23076923076923 0
315.38461538461536 234.23076923076923 0
315.38461538461536 235.38461538461542 0
315.38461538461536 235.38461538461542 0
315.38461538461536 234.23076923076923 0
315.38461538461536 227.3076923076923 0
443.07692307692315 219.23076923076923 1
446.1538461538461 220.38461538461542 1
418.46153846153845 223.84615384615384 1
306.15384615384613 200.7692307692308 0
306.15384615384613 197.3076923076923 0
303.07692307692315 189.23076923076923 0
295.38461538461536 174.23076923076923 0
249.23076923076923 268.84615384615387 0
264.61538461538464 265.38461538461536 1
295.38461538461536 264.23076923076917 1
298.46153846153845 175.38461538461542 0
298.46153846153845 282.6923076923077 1
301.53846153846155 288.46153846153845 1
301.53846153846155 288.46153846153845 1
301.53846153846155 285.0 1
301.53846153846155 285.0 1
301.53846153846155 285.0 1
301.53846153846155 285.0 0
301.53846153846155 285.0 1
301.53846153846155 285.0 1
313.84615384615387 285.0 0
313.84615384615387 285.0 0
313.84615384615387 285.0 0
309.23076923076917 296.53846153846155 1
309.23076923076917 296.53846153846155 1
312.3076923076923 302.3076923076923 1
312.3076923076923 302.3076923076923 1
312.3076923076923 302.3076923076923 1
312.3076923076923 302.3076923076923 1
312.3076923076923 302.3076923076923 1
312.3076923076923 302.3076923076923 1
315.38461538461536 334.61538461538464 1
295.38461538461536 174.23076923076923 0
315.38461538461536 315.0 1
320.0 325.38461538461536 1
312.3076923076923 325.38461538461536 1
307.6923076923077 327.6923076923077 1
304.61538461538464 327.6923076923077 1
304.61538461538464 327.6923076923077 1
304.61538461538464 327.6923076923077 1
304.61538461538464 320.76923076923083 1
303.07692307692315 189.23076923076923 0
303.07692307692315 321.92307692307685 1
303.07692307692315 321.92307692307685 0
303.07692307692315 318.46153846153845 0
306.15384615384613 323.07692307692315 1
312.3076923076923 325.38461538461536 1
312.3076923076923 310.38461538461536 1
315.38461538461536 308.07692307692315 1
315.38461538461536 308.07692307692315 0
315.38461538461536 308.07692307692315 0
315.38461538461536 308.07692307692315 1
315.38461538461536 308.07692307692315 1
312.3076923076923 303.46153846153845 1
286.15384615384613 295.38461538461536 1
303.07692307692315 190.38461538461542 0
303.07692307692315 190.38461538461542 0
180.0 300.0 1
180.0 300.0 0
180.0 300.0 0
256.9230769230769 234.23076923076923 0
261.53846153846155 234.23076923076923 1
312.3076923076923 215.7692307692308 0
310.76923076923083 212.3076923076923 0
316.92307692307685 323.07692307692315 1
316.92307692307685 323.07692307692315 1
316.92307692307685 323.07692307692315 1
316.92307692307685 323.07692307692315 1
316.92307692307685 323.07692307692315 0
316.92307692307685 323.07692307692315 0
316.92307692307685 323.07692307692315 1
313.84615384615387 318.46153846153845 1
313.84615384615387 318.46153846153845 1
313.84615384615387 318.46153846153845 1
313.84615384615387 316.15384615384613 1
313.84615384615387 316.15384615384613 1
313.84615384615387 316.15384615384613 1
313.84615384615387 316.15384615384613 1
313.84615384615387 316.15384615384613 1
313.84615384615387 316.15384615384613 0
301.53846153846155 185.7692307692308 0
280.0 338.07692307692315 1
283.07692307692315 335.76923076923083 1
283.07692307692315 335.76923076923083 1
283.07692307692315 335.76923076923083 1
284.61538461538464 332.3076923076923 1
284.61538461538464 321.92307692307685 1
287.6923076923077 325.38461538461536 1
287.6923076923077 325.38461538461536 1
287.6923076923077 325.38461538461536 1
287.6923076923077 325.38461538461536 0
287.6923076923077 325.38461538461536 0
287.6923076923077 325.38461538461536 0
295.38461538461536 169.61538461538458 1
307.6923076923077 312.6923076923077 1
307.6923076923077 312.6923076923077 1
307.6923076923077 312.6923076923077 1
307.6923076923077 312.6923076923077 1
307.6923076923077 312.6923076923077 1
307.6923076923077 312.6923076923077 1
307.6923076923077 312.6923076923077 1
307.6923076923077 312.6923076923077 1
307.6923076923077 312.6923076923077 0
307.6923076923077 312.6923076923077 0
307.6923076923077 312.6923076923077 1
307.6923076923077 312.6923076923077 1
307.6923076923077 312.6923076923077 1
307.6923076923077 306.92307692307685 1
307.6923076923077 306.92307692307685 1
307.6923076923077 306.92307692307685 1
307.6923076923077 306.92307692307685 1
307.6923076923077 306.92307692307685 0
316.92307692307685 306.92307692307685 0
316.92307692307685 306.92307692307685 0
298.46153846153845 310.38461538461536 0
300.0 304.61538461538464 1
300.0 304.61538461538464 1
301.53846153846155 302.3076923076923 1
361.5384615384616 303.46153846153845 1
361.5384615384616 303.46153846153845 1
361.5384615384616 303.46153846153845 1
361.5384615384616 303.46153846153845 1
361.5384615384616 303.46153846153845 1
356.92307692307685 305.76923076923083 1
356.92307692307685 305.76923076923083 1
356.92307692307685 305.76923076923083 1
356.92307692307685 305.76923076923083 1
356.92307692307685 305.76923076923083 1
356.92307692307685 305.76923076923083 0
356.92307692307685 305.76923076923083 0
356.92307692307685 305.76923076923083 0
346.15384615384613 225.0 0
346.15384615384613 216.9230769230769 1
346.15384615384613 216.9230769230769 1
346.15384615384613 216.9230769230769 1
346.15384615384613 216.9230769230769 1
346.15384615384613 216.9230769230769 0
346.15384615384613 216.9230769230769 0
332.3076923076923 234.23076923076923 1
332.3076923076923 234.23076923076923 1
332.3076923076923 245.7692307692308 0
332.3076923076923 245.7692307692308 0
332.3076923076923 245.7692307692308 0
363.07692307692315 245.7692307692308 1
363.07692307692315 245.7692307692308 1
372.3076923076923 258.46153846153845 0
372.3076923076923 258.46153846153845 0
369.23076923076917 250.38461538461542 1
369.23076923076917 250.38461538461542 1
369.23076923076917 250.38461538461542 0
369.23076923076917 250.38461538461542 0
369.23076923076917 250.38461538461542 0
369.23076923076917 250.38461538461542 0
369.23076923076917 250.38461538461542 0
369.23076923076917 250.38461538461542 0
369.23076923076917 250.38461538461542 0
335.38461538461536 310.38461538461536 0
335.38461538461536 306.92307692307685 1
346.15384615384613 312.6923076923077 0
346.15384615384613 312.6923076923077 0
360.0 333.46153846153845 1
360.0 333.46153846153845 1
355.3846153846154 333.46153846153845 1
355.3846153846154 333.46153846153845 1
356.92307692307685 333.46153846153845 1
356.92307692307685 333.46153846153845 0
356.92307692307685 333.46153846153845 0
356.92307692307685 333.46153846153845 0
356.92307692307685 333.46153846153845 1
356.92307692307685 333.46153846153845 1
356.92307692307685 333.46153846153845 1
356.92307692307685 333.46153846153845 1
360.0 330.0 1
327.6923076923077 312.6923076923077 1
327.6923076923077 312.6923076923077 1
327.6923076923077 312.6923076923077 1
327.6923076923077 309.23076923076917 1
327.6923076923077 309.23076923076917 1
327.6923076923077 309.23076923076917 0
327.6923076923077 309.23076923076917 0
327.6923076923077 309.23076923076917 0
316.92307692307685 303.46153846153845 1
316.92307692307685 304.61538461538464 1
316.92307692307685 304.61538461538464 1
316.92307692307685 304.61538461538464 1
316.92307692307685 304.61538461538464 1
316.92307692307685 304.61538461538464 0
238.46153846153842 291.92307692307685 0
189.23076923076923 285.0 1
192.3076923076923 283.84615384615387 1
243.0769230769231 258.46153846153845 1
244.61538461538458 252.6923076923077 1
244.61538461538458 252.6923076923077 1
244.61538461538458 252.6923076923077 0
244.61538461538458 252.6923076923077 0
244.61538461538458 252.6923076923077 0
301.53846153846155 304.61538461538464 1
316.92307692307685 317.3076923076923 0
316.92307692307685 309.23076923076917 1
315.38461538461536 303.46153846153845 1
316.92307692307685 303.46153846153845 0
316.92307692307685 303.46153846153845 0
304.61538461538464 193.84615384615384 0
303.07692307692315 192.6923076923077 0
275.38461538461536 399.23076923076917 1
275.38461538461536 399.23076923076917 0
303.07692307692315 191.53846153846158 0
272.3076923076923 407.3076923076923 0
327.6923076923077 390.0 1
327.6923076923077 390.0 0
304.61538461538464 192.6923076923077 0
367.6923076923077 348.46153846153845 1
438.46153846153845 328.84615384615387 1
438.46153846153845 328.84615384615387 1
436.92307692307685 305.76923076923083 1
436.92307692307685 305.76923076923083 1
306.15384615384613 197.3076923076923 0
310.76923076923083 319.61538461538464 0
316.92307692307685 319.61538461538464 0
316.92307692307685 319.61538461538464 0
316.92307692307685 306.92307692307685 1
316.92307692307685 306.92307692307685 1
316.92307692307685 306.92307692307685 1
316.92307692307685 306.92307692307685 0
316.92307692307685 306.92307692307685 0
316.92307692307685 306.92307692307685 0
316.92307692307685 306.92307692307685 1
316.92307692307685 306.92307692307685 1
316.92307692307685 306.92307692307685 1
316.92307692307685 306.92307692307685 1
316.92307692307685 306.92307692307685 1
316.92307692307685 306.92307692307685 1
316.92307692307685 306.92307692307685 1
316.92307692307685 306.92307692307685 1
316.92307692307685 306.92307692307685 1
316.92307692307685 306.92307692307685 1
316.92307692307685 306.92307692307685 1
316.92307692307685 306.92307692307685 1
316.92307692307685 306.92307692307685 0
316.92307692307685 306.92307692307685 0
316.92307692307685 306.92307692307685 0
316.92307692307685 306.92307692307685 0
316.92307692307685 306.92307692307685 1
316.92307692307685 306.92307692307685 0
316.92307692307685 306.92307692307685 0
316.92307692307685 306.92307692307685 0
316.92307692307685 306.92307692307685 1
316.92307692307685 306.92307692307685 1
316.92307692307685 306.92307692307685 1
347.6923076923077 324.23076923076917 1
350.76923076923083 324.23076923076917 1
352.3076923076923 324.23076923076917 1
352.3076923076923 324.23076923076917 1
352.3076923076923 324.23076923076917 1
352.3076923076923 324.23076923076917 1
352.3076923076923 324.23076923076917 1
361.5384615384616 330.0 1
313.84615384615387 334.61538461538464 1
313.84615384615387 334.61538461538464 1
313.84615384615387 334.61538461538464 1
313.84615384615387 334.61538461538464 1
