318.46153846153845 286.15384615384613
318.46153846153845 285.0
318.46153846153845 285.0
318.46153846153845 285.0
318.46153846153845 285.0
318.46153846153845 285.0
318.46153846153845 285.0
318.46153846153845 285.0
318.46153846153845 285.0
318.46153846153845 285.0
318.46153846153845 285.0
318.46153846153845 285.0
318.46153846153845 285.0
318.46153846153845 285.0
318.46153846153845 285.0
318.46153846153845 285.0
315.38461538461536 286.15384615384613
315.38461538461536 286.15384615384613
315.38461538461536 286.15384615384613
306.15384615384613 288.46153846153845
310.7692307692308 286.15384615384613
310.7692307692308 286.15384615384613
310.7692307692308 286.15384615384613
310.7692307692308 286.15384615384613
310.7692307692308 286.15384615384613
310.7692307692308 286.15384615384613
310.7692307692308 286.15384615384613
310.7692307692308 286.15384615384613
310.7692307692308 286.15384615384613
310.7692307692308 286.15384615384613
310.7692307692308 283.84615384615387
310.7692307692308 283.84615384615387
310.7692307692308 283.84615384615387
310.7692307692308 283.84615384615387
310.7692307692308 283.84615384615387
310.7692307692308 283.84615384615387
310.7692307692308 283.84615384615387
310.7692307692308 283.84615384615387
310.7692307692308 283.84615384615387
310.7692307692308 283.84615384615387
310.7692307692308 283.84615384615387
310.7692307692308 283.84615384615387
310.7692307692308 283.84615384615387
310.7692307692308 283.84615384615387
310.7692307692308 287.3076923076923
310.7692307692308 287.3076923076923
310.7692307692308 287.3076923076923
310.7692307692308 287.3076923076923
310.7692307692308 287.3076923076923
310.7692307692308 287.3076923076923
310.7692307692308 287.3076923076923
300.0 275.7692307692308
298.46153846153845 275.7692307692308
290.7692307692308 278.0769230769231
301.53846153846155 278.0769230769231
310.7692307692308 279.2307692307692
312.3076923076923 281.53846153846155
315.38461538461536 282.6923076923077
315.38461538461536 282.6923076923077
315.38461538461536 282.6923076923077
315.38461538461536 282.6923076923077
315.38461538461536 282.6923076923077
315.38461538461536 282.6923076923077
315.38461538461536 282.6923076923077
315.38461538461536 282.6923076923077
315.38461538461536 281.53846153846155
315.38461538461536 281.53846153846155
315.38461538461536 282.6923076923077
315.38461538461536 282.6923076923077
315.38461538461536 282.6923076923077
315.38461538461536 282.6923076923077
315.38461538461536 282.6923076923077
315.38461538461536 282.6923076923077
315.38461538461536 282.6923076923077
315.38461538461536 282.6923076923077
315.38461538461536 282.6923076923077
315.38461538461536 282.6923076923077
315.38461538461536 282.6923076923077
315.38461538461536 282.6923076923077
315.38461538461536 282.6923076923077
315.38461538461536 282.6923076923077
326.15384615384613 274.61538461538464
367.6923076923077 249.23076923076923
404.61538461538464 222.69230769230768
435.38461538461536 208.84615384615384
432.3076923076923 208.84615384615384
429.2307692307692 208.84615384615384
429.2307692307692 208.84615384615384
444.61538461538464 212.30769230769232
470.7692307692308 200.76923076923077
472.3076923076923 205.3846153846154
470.7692307692308 205.3846153846154
470.7692307692308 205.3846153846154
495.38461538461536 213.46153846153845
509.2307692307692 230.76923076923077
501.53846153846155 228.46153846153845
501.53846153846155 228.46153846153845
501.53846153846155 228.46153846153845
500.0 227.30769230769232
512.3076923076923 235.3846153846154
512.3076923076923 235.3846153846154
512.3076923076923 235.3846153846154
512.3076923076923 235.3846153846154
512.3076923076923 235.3846153846154
512.3076923076923 235.3846153846154
512.3076923076923 234.23076923076923
507.6923076923077 227.30769230769232
507.6923076923077 227.30769230769232
509.2307692307692 227.30769230769232
509.2307692307692 227.30769230769232
509.2307692307692 227.30769230769232
509.2307692307692 227.30769230769232
484.61538461538464 223.84615384615384
415.38461538461536 212.30769230769232
353.84615384615387 215.76923076923077
303.0769230769231 219.23076923076923
255.3846153846154 221.53846153846155
224.6153846153846 227.30769230769232
192.30769230769232 238.84615384615384
169.23076923076923 251.53846153846155
152.30769230769232 260.7692307692308
156.92307692307693 260.7692307692308
140.0 268.84615384615387
132.30769230769232 274.61538461538464
130.76923076923077 274.61538461538464
130.76923076923077 274.61538461538464
130.76923076923077 274.61538461538464
130.76923076923077 275.7692307692308
130.76923076923077 275.7692307692308
130.76923076923077 275.7692307692308
130.76923076923077 275.7692307692308
130.76923076923077 275.7692307692308
130.76923076923077 275.7692307692308
130.76923076923077 275.7692307692308
130.76923076923077 275.7692307692308
130.76923076923077 275.7692307692308
130.76923076923077 275.7692307692308
130.76923076923077 275.7692307692308
130.76923076923077 275.7692307692308
130.76923076923077 273.46153846153845
130.76923076923077 271.15384615384613
130.76923076923077 271.15384615384613
132.30769230769232 271.15384615384613
132.30769230769232 271.15384615384613
132.30769230769232 271.15384615384613
132.30769230769232 271.15384615384613
132.30769230769232 271.15384615384613
132.30769230769232 271.15384615384613
132.30769230769232 271.15384615384613
132.30769230769232 271.15384615384613
136.92307692307693 271.15384615384613
136.92307692307693 271.15384615384613
169.23076923076923 266.53846153846155
190.76923076923077 259.61538461538464
189.23076923076923 258.46153846153845
189.23076923076923 258.46153846153845
189.23076923076923 258.46153846153845
204.6153846153846 238.84615384615384
247.69230769230768 185.76923076923077
301.53846153846155 154.6153846153846
340.0 131.53846153846155
375.38461538461536 124.61538461538461
375.38461538461536 124.61538461538461
372.3076923076923 124.61538461538461
372.3076923076923 124.61538461538461
372.3076923076923 124.61538461538461
386.15384615384613 130.3846153846154
404.61538461538464 146.53846153846155
409.2307692307692 150.0
407.6923076923077 150.0
404.61538461538464 148.84615384615384
404.61538461538464 148.84615384615384
404.61538461538464 148.84615384615384
404.61538461538464 148.84615384615384
400.0 146.53846153846155
400.0 146.53846153846155
400.0 146.53846153846155
378.46153846153845 139.6153846153846
378.46153846153845 139.6153846153846
380.0 137.30769230769232
380.0 137.30769230769232
380.0 137.30769230769232
378.46153846153845 137.30769230769232
378.46153846153845 137.30769230769232
378.46153846153845 137.30769230769232
378.46153846153845 136.15384615384616
375.38461538461536 133.84615384615384
375.38461538461536 131.53846153846155
375.38461538461536 131.53846153846155
375.38461538461536 131.53846153846155
375.38461538461536 131.53846153846155
375.38461538461536 131.53846153846155
375.38461538461536 131.53846153846155
372.3076923076923 126.92307692307692
372.3076923076923 126.92307692307692
372.3076923076923 126.92307692307692
343.0769230769231 126.92307692307692
307.6923076923077 126.92307692307692
307.6923076923077 126.92307692307692
307.6923076923077 126.92307692307692
307.6923076923077 126.92307692307692
307.6923076923077 126.92307692307692
307.6923076923077 126.92307692307692
286.15384615384613 131.53846153846155
232.30769230769232 143.07692307692307
196.92307692307693 161.53846153846155
190.76923076923077 167.30769230769232
201.53846153846155 170.76923076923077
196.92307692307693 170.76923076923077
196.92307692307693 170.76923076923077
196.92307692307693 170.76923076923077
196.92307692307693 170.76923076923077
175.3846153846154 180.0
172.30769230769232 182.30769230769232
169.23076923076923 182.30769230769232
169.23076923076923 182.30769230769232
169.23076923076923 182.30769230769232
169.23076923076923 182.30769230769232
169.23076923076923 182.30769230769232
169.23076923076923 182.30769230769232
169.23076923076923 182.30769230769232
169.23076923076923 182.30769230769232
169.23076923076923 182.30769230769232
169.23076923076923 182.30769230769232
169.23076923076923 182.30769230769232
169.23076923076923 182.30769230769232
169.23076923076923 182.30769230769232
169.23076923076923 181.15384615384616
169.23076923076923 181.15384615384616
169.23076923076923 181.15384615384616
172.30769230769232 177.69230769230768
172.30769230769232 177.69230769230768
195.3846153846154 163.84615384615384
246.15384615384616 136.15384615384616
303.0769230769231 113.07692307692308
346.15384615384613 106.15384615384616
380.0 105.0
383.0769230769231 102.6923076923077
375.38461538461536 105.0
375.38461538461536 105.0
375.38461538461536 105.0
370.7692307692308 105.0
372.3076923076923 105.0
380.0 99.23076923076923
384.61538461538464 91.15384615384616
380.0 88.84615384615384
383.0769230769231 90.0
383.0769230769231 90.0
383.0769230769231 90.0
363.0769230769231 77.3076923076923
358.46153846153845 72.6923076923077
355.38461538461536 71.53846153846153
353.84615384615387 72.6923076923077
353.84615384615387 72.6923076923077
353.84615384615387 72.6923076923077
353.84615384615387 72.6923076923077
353.84615384615387 72.6923076923077
353.84615384615387 72.6923076923077
353.84615384615387 72.6923076923077
353.84615384615387 68.07692307692308
355.38461538461536 68.07692307692308
355.38461538461536 68.07692307692308
355.38461538461536 68.07692307692308
347.6923076923077 71.53846153846153
346.15384615384613 71.53846153846153
346.15384615384613 71.53846153846153
346.15384615384613 71.53846153846153
346.15384615384613 71.53846153846153
346.15384615384613 70.38461538461539
346.15384615384613 70.38461538461539
346.15384615384613 70.38461538461539
346.15384615384613 70.38461538461539
346.15384615384613 68.07692307692308
346.15384615384613 68.07692307692308
346.15384615384613 68.07692307692308
346.15384615384613 68.07692307692308
346.15384615384613 68.07692307692308
346.15384615384613 68.07692307692308
346.15384615384613 68.07692307692308
347.6923076923077 71.53846153846153
347.6923076923077 71.53846153846153
355.38461538461536 76.15384615384616
347.6923076923077 78.46153846153847
347.6923076923077 78.46153846153847
395.38461538461536 137.30769230769232
384.61538461538464 140.76923076923077
380.0 144.23076923076923
380.0 144.23076923076923
380.0 144.23076923076923
380.0 144.23076923076923
398.46153846153845 173.07692307692307
415.38461538461536 226.15384615384616
409.2307692307692 263.0769230769231
415.38461538461536 294.2307692307692
404.61538461538464 308.0769230769231
398.46153846153845 335.7692307692308
407.6923076923077 355.38461538461536
404.61538461538464 360.0
401.53846153846155 368.0769230769231
401.53846153846155 377.3076923076923
401.53846153846155 383.0769230769231
398.46153846153845 383.0769230769231
398.46153846153845 383.0769230769231
395.38461538461536 383.0769230769231
395.38461538461536 383.0769230769231
395.38461538461536 383.0769230769231
395.38461538461536 383.0769230769231
395.38461538461536 383.0769230769231
395.38461538461536 383.0769230769231
400.0 386.53846153846155
421.53846153846155 388.84615384615387
420.0 387.6923076923077
421.53846153846155 388.84615384615387
415.38461538461536 387.6923076923077
415.38461538461536 387.6923076923077
415.38461538461536 387.6923076923077
415.38461538461536 387.6923076923077
415.38461538461536 387.6923076923077
415.38461538461536 387.6923076923077
415.38461538461536 387.6923076923077
415.38461538461536 387.6923076923077
415.38461538461536 387.6923076923077
415.38461538461536 387.6923076923077
435.38461538461536 378.46153846153845
444.61538461538464 357.6923076923077
449.2307692307692 343.84615384615387
449.2307692307692 343.84615384615387
447.6923076923077 345.0
447.6923076923077 345.0
444.61538461538464 346.15384615384613
444.61538461538464 346.15384615384613
444.61538461538464 346.15384615384613
440.0 293.0769230769231
438.46153846153845 249.23076923076923
440.0 200.76923076923077
432.3076923076923 168.46153846153845
403.0769230769231 139.6153846153846
372.3076923076923 126.92307692307692
363.0769230769231 122.3076923076923
363.0769230769231 122.3076923076923
363.0769230769231 122.3076923076923
363.0769230769231 122.3076923076923
363.0769230769231 122.3076923076923
363.0769230769231 122.3076923076923
364.61538461538464 123.46153846153847
364.61538461538464 123.46153846153847
364.61538461538464 123.46153846153847
364.61538461538464 123.46153846153847
364.61538461538464 123.46153846153847
364.61538461538464 123.46153846153847
381.53846153846155 126.92307692307692
384.61538461538464 129.23076923076923
381.53846153846155 129.23076923076923
381.53846153846155 129.23076923076923
381.53846153846155 129.23076923076923
381.53846153846155 129.23076923076923
381.53846153846155 129.23076923076923
381.53846153846155 129.23076923076923
381.53846153846155 129.23076923076923
381.53846153846155 129.23076923076923
340.0 129.23076923076923
315.38461538461536 131.53846153846155
315.38461538461536 131.53846153846155
315.38461538461536 131.53846153846155
284.61538461538464 133.84615384615384
243.07692307692307 140.76923076923077
223.07692307692307 146.53846153846155
223.07692307692307 146.53846153846155
223.07692307692307 146.53846153846155
223.07692307692307 146.53846153846155
223.07692307692307 146.53846153846155
215.3846153846154 146.53846153846155
215.3846153846154 146.53846153846155
195.3846153846154 150.0
192.30769230769232 152.30769230769232
192.30769230769232 152.30769230769232
192.30769230769232 152.30769230769232
192.30769230769232 152.30769230769232
192.30769230769232 152.30769230769232
195.3846153846154 152.30769230769232
209.23076923076923 167.30769230769232
221.53846153846155 174.23076923076923
221.53846153846155 175.3846153846154
221.53846153846155 175.3846153846154
220.0 173.07692307692307
220.0 173.07692307692307
209.23076923076923 176.53846153846155
192.30769230769232 196.15384615384616
192.30769230769232 196.15384615384616
192.30769230769232 192.69230769230768
192.30769230769232 192.69230769230768
192.30769230769232 192.69230769230768
192.30769230769232 192.69230769230768
192.30769230769232 192.69230769230768
192.30769230769232 192.69230769230768
192.30769230769232 192.69230769230768
195.3846153846154 189.23076923076923
235.3846153846154 167.30769230769232
258.46153846153845 159.23076923076923
255.3846153846154 159.23076923076923
255.3846153846154 159.23076923076923
275.38461538461536 146.53846153846155
324.61538461538464 135.0
346.15384615384613 131.53846153846155
341.53846153846155 131.53846153846155
340.0 131.53846153846155
340.0 131.53846153846155
340.0 131.53846153846155
364.61538461538464 129.23076923076923
370.7692307692308 130.3846153846154
367.6923076923077 130.3846153846154
367.6923076923077 130.3846153846154
367.6923076923077 130.3846153846154
367.6923076923077 130.3846153846154
404.61538461538464 129.23076923076923
441.53846153846155 135.0
472.3076923076923 148.84615384615384
487.6923076923077 154.6153846153846
498.46153846153845 160.3846153846154
500.0 161.53846153846155
501.53846153846155 163.84615384615384
501.53846153846155 163.84615384615384
500.0 163.84615384615384
498.46153846153845 165.0
498.46153846153845 165.0
498.46153846153845 165.0
498.46153846153845 165.0
467.6923076923077 148.84615384615384
418.46153846153845 133.84615384615384
404.61538461538464 131.53846153846155
404.61538461538464 131.53846153846155
404.61538461538464 131.53846153846155
404.61538461538464 131.53846153846155
404.61538461538464 131.53846153846155
404.61538461538464 131.53846153846155
398.46153846153845 124.61538461538461
355.38461538461536 117.6923076923077
352.3076923076923 115.38461538461539
352.3076923076923 115.38461538461539
352.3076923076923 115.38461538461539
352.3076923076923 115.38461538461539
352.3076923076923 115.38461538461539
352.3076923076923 115.38461538461539
361.53846153846155 113.07692307692308
375.38461538461536 106.15384615384616
375.38461538461536 106.15384615384616
375.38461538461536 106.15384615384616
372.3076923076923 106.15384615384616
360.0 115.38461538461539
360.0 115.38461538461539
360.0 115.38461538461539
381.53846153846155 98.07692307692308
381.53846153846155 98.07692307692308
381.53846153846155 98.07692307692308
381.53846153846155 98.07692307692308
381.53846153846155 98.07692307692308
381.53846153846155 98.07692307692308
381.53846153846155 98.07692307692308
398.46153846153845 99.23076923076923
412.3076923076923 100.38461538461539
407.6923076923077 100.38461538461539
407.6923076923077 100.38461538461539
407.6923076923077 100.38461538461539
407.6923076923077 100.38461538461539
403.0769230769231 100.38461538461539
403.0769230769231 100.38461538461539
403.0769230769231 100.38461538461539
403.0769230769231 100.38461538461539
403.0769230769231 100.38461538461539
403.0769230769231 100.38461538461539
403.0769230769231 100.38461538461539
403.0769230769231 100.38461538461539
403.0769230769231 100.38461538461539
403.0769230769231 100.38461538461539
403.0769230769231 100.38461538461539
412.3076923076923 99.23076923076923
412.3076923076923 99.23076923076923
412.3076923076923 99.23076923076923
412.3076923076923 99.23076923076923
418.46153846153845 99.23076923076923
418.46153846153845 99.23076923076923
418.46153846153845 99.23076923076923
418.46153846153845 99.23076923076923
409.2307692307692 100.38461538461539
401.53846153846155 105.0
401.53846153846155 108.46153846153847
401.53846153846155 106.15384615384616
401.53846153846155 106.15384615384616
401.53846153846155 106.15384615384616
401.53846153846155 106.15384615384616
400.0 108.46153846153847
400.0 108.46153846153847
400.0 108.46153846153847
370.7692307692308 114.23076923076923
367.6923076923077 108.46153846153847
367.6923076923077 108.46153846153847
367.6923076923077 108.46153846153847
367.6923076923077 108.46153846153847
367.6923076923077 108.46153846153847
367.6923076923077 108.46153846153847
367.6923076923077 108.46153846153847
367.6923076923077 108.46153846153847
367.6923076923077 108.46153846153847
367.6923076923077 108.46153846153847
367.6923076923077 108.46153846153847
367.6923076923077 108.46153846153847
367.6923076923077 108.46153846153847
367.6923076923077 108.46153846153847
367.6923076923077 108.46153846153847
367.6923076923077 115.38461538461539
367.6923076923077 115.38461538461539
367.6923076923077 115.38461538461539
367.6923076923077 115.38461538461539
367.6923076923077 115.38461538461539
367.6923076923077 115.38461538461539
367.6923076923077 115.38461538461539
367.6923076923077 115.38461538461539
367.6923076923077 115.38461538461539
367.6923076923077 115.38461538461539
367.6923076923077 115.38461538461539
367.6923076923077 115.38461538461539
367.6923076923077 115.38461538461539
367.6923076923077 115.38461538461539
367.6923076923077 115.38461538461539
367.6923076923077 115.38461538461539
367.6923076923077 115.38461538461539
367.6923076923077 115.38461538461539
367.6923076923077 115.38461538461539
367.6923076923077 115.38461538461539
364.61538461538464 115.38461538461539
363.0769230769231 114.23076923076923
361.53846153846155 110.76923076923077
361.53846153846155 110.76923076923077
361.53846153846155 110.76923076923077
361.53846153846155 110.76923076923077
361.53846153846155 110.76923076923077
361.53846153846155 110.76923076923077
361.53846153846155 110.76923076923077
361.53846153846155 110.76923076923077
361.53846153846155 110.76923076923077
364.61538461538464 106.15384615384616
364.61538461538464 106.15384615384616
364.61538461538464 106.15384615384616
364.61538461538464 106.15384615384616
364.61538461538464 106.15384615384616
364.61538461538464 106.15384615384616
364.61538461538464 106.15384615384616
364.61538461538464 108.46153846153847
307.6923076923077 118.84615384615384
263.0769230769231 123.46153846153847
215.3846153846154 139.6153846153846
190.76923076923077 152.30769230769232
166.15384615384616 169.6153846153846
166.15384615384616 169.6153846153846
166.15384615384616 168.46153846153845
166.15384615384616 168.46153846153845
166.15384615384616 168.46153846153845
166.15384615384616 168.46153846153845
166.15384615384616 168.46153846153845
166.15384615384616 167.30769230769232
166.15384615384616 167.30769230769232
166.15384615384616 167.30769230769232
169.23076923076923 167.30769230769232
169.23076923076923 167.30769230769232
169.23076923076923 167.30769230769232
169.23076923076923 167.30769230769232
169.23076923076923 167.30769230769232
169.23076923076923 167.30769230769232
169.23076923076923 167.30769230769232
169.23076923076923 167.30769230769232
169.23076923076923 167.30769230769232
169.23076923076923 167.30769230769232
169.23076923076923 167.30769230769232
169.23076923076923 167.30769230769232
169.23076923076923 167.30769230769232
169.23076923076923 166.15384615384616
169.23076923076923 166.15384615384616
169.23076923076923 166.15384615384616
169.23076923076923 166.15384615384616
169.23076923076923 166.15384615384616
169.23076923076923 166.15384615384616
169.23076923076923 166.15384615384616
227.69230769230768 138.46153846153845
292.3076923076923 116.53846153846153
341.53846153846155 111.92307692307692
387.6923076923077 115.38461538461539
424.61538461538464 124.61538461538461
452.3076923076923 133.84615384615384
475.38461538461536 146.53846153846155
487.6923076923077 152.30769230769232
501.53846153846155 159.23076923076923
501.53846153846155 159.23076923076923
504.61538461538464 161.53846153846155
503.0769230769231 159.23076923076923
503.0769230769231 159.23076923076923
495.38461538461536 159.23076923076923
495.38461538461536 159.23076923076923
516.9230769230769 169.6153846153846
513.8461538461538 185.76923076923077
512.3076923076923 183.46153846153845
512.3076923076923 182.30769230769232
512.3076923076923 182.30769230769232
512.3076923076923 182.30769230769232
512.3076923076923 182.30769230769232
512.3076923076923 182.30769230769232
513.8461538461538 185.76923076923077
518.4615384615385 188.07692307692307
518.4615384615385 188.07692307692307
518.4615384615385 188.07692307692307
518.4615384615385 188.07692307692307
518.4615384615385 188.07692307692307
518.4615384615385 188.07692307692307
518.4615384615385 188.07692307692307
518.4615384615385 188.07692307692307
518.4615384615385 188.07692307692307
518.4615384615385 188.07692307692307
518.4615384615385 188.07692307692307
518.4615384615385 188.07692307692307
518.4615384615385 188.07692307692307
518.4615384615385 188.07692307692307
518.4615384615385 188.07692307692307
518.4615384615385 188.07692307692307
518.4615384615385 188.07692307692307
518.4615384615385 188.07692307692307
521.5384615384615 182.30769230769232
521.5384615384615 182.30769230769232
521.5384615384615 182.30769230769232
521.5384615384615 182.30769230769232
520.0 182.30769230769232
518.4615384615385 182.30769230769232
518.4615384615385 182.30769230769232
518.4615384615385 182.30769230769232
518.4615384615385 182.30769230769232
518.4615384615385 182.30769230769232
518.4615384615385 177.69230769230768
518.4615384615385 177.69230769230768
518.4615384615385 178.84615384615384
518.4615384615385 178.84615384615384
518.4615384615385 178.84615384615384
518.4615384615385 178.84615384615384
518.4615384615385 178.84615384615384
518.4615384615385 178.84615384615384
509.2307692307692 174.23076923076923
509.2307692307692 174.23076923076923
509.2307692307692 174.23076923076923
504.61538461538464 167.30769230769232
504.61538461538464 167.30769230769232
504.61538461538464 166.15384615384616
504.61538461538464 166.15384615384616
504.61538461538464 166.15384615384616
504.61538461538464 166.15384615384616
487.6923076923077 153.46153846153845
483.0769230769231 152.30769230769232
483.0769230769231 152.30769230769232
483.0769230769231 152.30769230769232
467.6923076923077 139.6153846153846
418.46153846153845 124.61538461538461
395.38461538461536 115.38461538461539
392.3076923076923 115.38461538461539
395.38461538461536 115.38461538461539
398.46153846153845 115.38461538461539
398.46153846153845 115.38461538461539
398.46153846153845 115.38461538461539
398.46153846153845 115.38461538461539
384.61538461538464 115.38461538461539
330.7692307692308 114.23076923076923
284.61538461538464 117.6923076923077
266.15384615384613 122.3076923076923
266.15384615384613 117.6923076923077
266.15384615384613 118.84615384615384
266.15384615384613 118.84615384615384
266.15384615384613 118.84615384615384
266.15384615384613 118.84615384615384
273.84615384615387 120.0
315.38461538461536 115.38461538461539
346.15384615384613 113.07692307692308
341.53846153846155 111.92307692307692
341.53846153846155 111.92307692307692
341.53846153846155 111.92307692307692
341.53846153846155 111.92307692307692
341.53846153846155 111.92307692307692
341.53846153846155 111.92307692307692
341.53846153846155 111.92307692307692
341.53846153846155 111.92307692307692
341.53846153846155 111.92307692307692
343.0769230769231 113.07692307692308
344.61538461538464 113.07692307692308
366.15384615384613 113.07692307692308
418.46153846153845 118.84615384615384
430.7692307692308 124.61538461538461
427.6923076923077 126.92307692307692
427.6923076923077 126.92307692307692
427.6923076923077 126.92307692307692
427.6923076923077 126.92307692307692
427.6923076923077 124.61538461538461
427.6923076923077 124.61538461538461
427.6923076923077 124.61538461538461
427.6923076923077 124.61538461538461
427.6923076923077 124.61538461538461
427.6923076923077 124.61538461538461
427.6923076923077 124.61538461538461
449.2307692307692 151.15384615384616
450.7692307692308 155.76923076923077
450.7692307692308 154.6153846153846
450.7692307692308 153.46153846153845
450.7692307692308 153.46153846153845
450.7692307692308 153.46153846153845
450.7692307692308 153.46153846153845
450.7692307692308 153.46153846153845
432.3076923076923 148.84615384615384
407.6923076923077 133.84615384615384
398.46153846153845 129.23076923076923
398.46153846153845 129.23076923076923
398.46153846153845 129.23076923076923
398.46153846153845 129.23076923076923
398.46153846153845 129.23076923076923
398.46153846153845 129.23076923076923
398.46153846153845 129.23076923076923
398.46153846153845 129.23076923076923
398.46153846153845 129.23076923076923
398.46153846153845 129.23076923076923
398.46153846153845 129.23076923076923
398.46153846153845 129.23076923076923
398.46153846153845 129.23076923076923
398.46153846153845 129.23076923076923
398.46153846153845 129.23076923076923
398.46153846153845 129.23076923076923
407.6923076923077 128.07692307692307
412.3076923076923 128.07692307692307
412.3076923076923 128.07692307692307
412.3076923076923 128.07692307692307
412.3076923076923 128.07692307692307
412.3076923076923 128.07692307692307
412.3076923076923 128.07692307692307
412.3076923076923 128.07692307692307
412.3076923076923 128.07692307692307
412.3076923076923 128.07692307692307
412.3076923076923 128.07692307692307
383.0769230769231 124.61538461538461
364.61538461538464 123.46153846153847
361.53846153846155 123.46153846153847
361.53846153846155 123.46153846153847
361.53846153846155 123.46153846153847
361.53846153846155 123.46153846153847
361.53846153846155 123.46153846153847
361.53846153846155 123.46153846153847
361.53846153846155 123.46153846153847
361.53846153846155 123.46153846153847
361.53846153846155 123.46153846153847
347.6923076923077 122.3076923076923
347.6923076923077 122.3076923076923
347.6923076923077 122.3076923076923
347.6923076923077 122.3076923076923
347.6923076923077 122.3076923076923
347.6923076923077 122.3076923076923
347.6923076923077 122.3076923076923
347.6923076923077 122.3076923076923
347.6923076923077 122.3076923076923
347.6923076923077 122.3076923076923
313.84615384615387 145.3846153846154
313.84615384615387 145.3846153846154
307.6923076923077 145.3846153846154
307.6923076923077 145.3846153846154
300.0 180.0
292.3076923076923 238.84615384615384
293.84615384615387 270.0
286.15384615384613 270.0
286.15384615384613 270.0
286.15384615384613 270.0
286.15384615384613 270.0
286.15384615384613 273.46153846153845
292.3076923076923 274.61538461538464
295.38461538461536 275.7692307692308
295.38461538461536 279.2307692307692
293.84615384615387 278.0769230769231
293.84615384615387 278.0769230769231
295.38461538461536 278.0769230769231
295.38461538461536 278.0769230769231
295.38461538461536 278.0769230769231
295.38461538461536 278.0769230769231
295.38461538461536 278.0769230769231
295.38461538461536 278.0769230769231
295.38461538461536 278.0769230769231
295.38461538461536 278.0769230769231
295.38461538461536 278.0769230769231
295.38461538461536 278.0769230769231
295.38461538461536 278.0769230769231
295.38461538461536 278.0769230769231
295.38461538461536 278.0769230769231
295.38461538461536 278.0769230769231
295.38461538461536 278.0769230769231
295.38461538461536 278.0769230769231
295.38461538461536 278.0769230769231
295.38461538461536 278.0769230769231
295.38461538461536 278.0769230769231
292.3076923076923 275.7692307692308
272.3076923076923 275.7692307692308
281.53846153846155 282.6923076923077
284.61538461538464 285.0
292.3076923076923 288.46153846153845
292.3076923076923 288.46153846153845
293.84615384615387 290.7692307692308
293.84615384615387 290.7692307692308
293.84615384615387 290.7692307692308
293.84615384615387 293.0769230769231
298.46153846153845 294.2307692307692
298.46153846153845 294.2307692307692
298.46153846153845 294.2307692307692
298.46153846153845 294.2307692307692
298.46153846153845 294.2307692307692
295.38461538461536 298.84615384615387
295.38461538461536 298.84615384615387
295.38461538461536 298.84615384615387
295.38461538461536 298.84615384615387
295.38461538461536 298.84615384615387
292.3076923076923 278.0769230769231
292.3076923076923 270.0
292.3076923076923 270.0
