318.46153846153845 286.15384615384613 1
318.46153846153845 285.0 1
318.46153846153845 285.0 1
318.46153846153845 285.0 1
318.46153846153845 285.0 1
318.46153846153845 285.0 1
318.46153846153845 285.0 1
318.46153846153845 285.0 1
318.46153846153845 285.0 1
318.46153846153845 285.0 1
318.46153846153845 285.0 1
318.46153846153845 285.0 1
318.46153846153845 285.0 1
318.46153846153845 285.0 1
318.46153846153845 285.0 1
318.46153846153845 285.0 1
315.38461538461536 286.15384615384613 1
315.38461538461536 286.15384615384613 1
315.38461538461536 286.15384615384613 1
306.15384615384613 288.46153846153845 1
310.76923076923083 286.15384615384613 1
310.76923076923083 286.15384615384613 1
310.76923076923083 286.15384615384613 1
310.76923076923083 286.15384615384613 1
310.76923076923083 286.15384615384613 1
310.76923076923083 286.15384615384613 1
310.76923076923083 286.15384615384613 1
310.76923076923083 286.15384615384613 1
310.76923076923083 286.15384615384613 1
310.76923076923083 286.15384615384613 1
310.76923076923083 283.84615384615387 1
310.76923076923083 283.84615384615387 1
310.76923076923083 283.84615384615387 1
310.76923076923083 283.84615384615387 1
310.76923076923083 283.84615384615387 1
310.76923076923083 283.84615384615387 1
310.76923076923083 283.84615384615387 1
310.76923076923083 283.84615384615387 1
310.76923076923083 283.84615384615387 1
310.76923076923083 283.84615384615387 1
310.76923076923083 283.84615384615387 1
310.76923076923083 283.84615384615387 1
310.76923076923083 283.84615384615387 1
310.76923076923083 283.84615384615387 1
310.76923076923083 287.3076923076923 1
310.76923076923083 287.3076923076923 1
310.76923076923083 287.3076923076923 1
310.76923076923083 287.3076923076923 1
310.76923076923083 287.3076923076923 1
310.76923076923083 287.3076923076923 1
310.76923076923083 287.3076923076923 1
300.0 275.76923076923083 0
298.46153846153845 275.76923076923083 0
290.76923076923083 278.0769230769231 0
301.53846153846155 278.0769230769231 1
310.76923076923083 279.23076923076917 1
312.3076923076923 281.53846153846155 1
315.38461538461536 282.6923076923077 1
315.38461538461536 282.6923076923077 1
315.38461538461536 282.6923076923077 1
315.38461538461536 282.6923076923077 1
315.38461538461536 282.6923076923077 1
315.38461538461536 282.6923076923077 1
315.38461538461536 282.6923076923077 1
315.38461538461536 282.6923076923077 1
315.38461538461536 281.53846153846155 1
315.38461538461536 281.53846153846155 1
315.38461538461536 282.6923076923077 1
315.38461538461536 282.6923076923077 1
315.38461538461536 282.6923076923077 1
315.38461538461536 282.6923076923077 1
315.38461538461536 282.6923076923077 1
315.38461538461536 282.6923076923077 1
315.38461538461536 282.6923076923077 1
315.38461538461536 282.6923076923077 1
315.38461538461536 282.6923076923077 1
315.38461538461536 282.6923076923077 1
315.38461538461536 282.6923076923077 1
315.38461538461536 282.6923076923077 1
315.38461538461536 282.6923076923077 1
315.38461538461536 282.6923076923077 1
326.15384615384613 274.61538461538464 1
367.6923076923077 249.23076923076923 1
404.6153846153846 222.6923076923077 1
435.3846153846154 208.84615384615384 1
432.3076923076923 208.84615384615384 1
429.23076923076917 208.84615384615384 1
429.23076923076917 208.84615384615384 1
444.6153846153846 212.3076923076923 1
470.76923076923083 200.7692307692308 1
472.3076923076923 205.38461538461542 1
470.76923076923083 205.38461538461542 1
470.76923076923083 205.38461538461542 1
495.3846153846154 213.46153846153842 1
509.23076923076917 230.7692307692308 1
501.5384615384616 228.46153846153842 1
501.5384615384616 228.46153846153842 1
501.5384615384616 228.46153846153842 1
500.0 227.3076923076923 1
512.3076923076924 235.38461538461542 1
512.3076923076924 235.38461538461542 1
512.3076923076924 235.38461538461542 1
512.3076923076924 235.38461538461542 1
512.3076923076924 235.38461538461542 1
512.3076923076924 235.38461538461542 1
512.3076923076924 234.23076923076923 1
507.6923076923077 227.3076923076923 1
507.6923076923077 227.3076923076923 1
509.23076923076917 227.3076923076923 1
509.23076923076917 227.3076923076923 1
509.23076923076917 227.3076923076923 1
509.23076923076917 227.3076923076923 1
484.6153846153846 223.84615384615384 1
415.3846153846154 212.3076923076923 1
353.84615384615387 215.7692307692308 1
303.07692307692315 219.23076923076923 1
255.38461538461542 221.53846153846158 1
224.61538461538458 227.3076923076923 1
192.3076923076923 238.84615384615384 1
169.23076923076925 251.53846153846158 1
152.30769230769232 260.76923076923083 1
156.9230769230769 260.76923076923083 1
140.0 268.84615384615387 1
132.30769230769232 274.61538461538464 1
130.76923076923077 274.61538461538464 1
130.76923076923077 274.61538461538464 1
130.76923076923077 274.61538461538464 1
130.76923076923077 275.76923076923083 1
130.76923076923077 275.76923076923083 1
130.76923076923077 275.76923076923083 1
130.76923076923077 275.76923076923083 1
130.76923076923077 275.76923076923083 1
130.76923076923077 275.76923076923083 1
130.76923076923077 275.76923076923083 1
130.76923076923077 275.76923076923083 1
130.76923076923077 275.76923076923083 1
130.76923076923077 275.76923076923083 1
130.76923076923077 275.76923076923083 1
130.76923076923077 275.76923076923083 1
130.76923076923077 273.46153846153845 1
130.76923076923077 271.15384615384613 1
130.76923076923077 271.15384615384613 1
132.30769230769232 271.15384615384613 1
132.30769230769232 271.15384615384613 1
132.30769230769232 271.15384615384613 1
132.30769230769232 271.15384615384613 1
132.30769230769232 271.15384615384613 1
132.30769230769232 271.15384615384613 1
132.30769230769232 271.15384615384613 1
132.30769230769232 271.15384615384613 1
136.9230769230769 271.15384615384613 1
136.9230769230769 271.15384615384613 1
169.23076923076925 266.53846153846155 1
190.7692307692308 259.61538461538464 1
189.23076923076923 258.46153846153845 1
189.23076923076923 258.46153846153845 1
189.23076923076923 258.46153846153845 1
204.61538461538458 238.84615384615384 1
247.6923076923077 185.7692307692308 1
301.53846153846155 154.61538461538458 1
340.0 131.53846153846158 1
375.3846153846154 124.6153846153846 1
375.3846153846154 124.6153846153846 1
372.3076923076923 124.6153846153846 1
372.3076923076923 124.6153846153846 1
372.3076923076923 124.6153846153846 1
386.1538461538461 130.38461538461542 1
404.6153846153846 146.53846153846158 1
409.23076923076917 150.0 1
407.6923076923077 150.0 1
404.6153846153846 148.84615384615384 1
404.6153846153846 148.84615384615384 1
404.6153846153846 148.84615384615384 1
404.6153846153846 148.84615384615384 1
400.0 146.53846153846158 1
400.0 146.53846153846158 1
400.0 146.53846153846158 1
378.46153846153845 139.61538461538458 1
378.46153846153845 139.61538461538458 1
380.0 137.30769230769232 1
380.0 137.30769230769232 1
380.0 137.30769230769232 1
378.46153846153845 137.30769230769232 1
378.46153846153845 137.30769230769232 1
378.46153846153845 137.30769230769232 1
378.46153846153845 136.15384615384616 1
375.3846153846154 133.84615384615384 1
375.3846153846154 131.53846153846158 1
375.3846153846154 131.53846153846158 1
375.3846153846154 131.53846153846158 1
375.3846153846154 131.53846153846158 1
375.3846153846154 131.53846153846158 1
375.3846153846154 131.53846153846158 1
372.3076923076923 126.92307692307692 1
372.3076923076923 126.92307692307692 1
372.3076923076923 126.92307692307692 1
343.07692307692315 126.92307692307692 1
307.6923076923077 126.92307692307692 1
307.6923076923077 126.92307692307692 1
307.6923076923077 126.92307692307692 1
307.6923076923077 126.92307692307692 1
307.6923076923077 126.92307692307692 1
307.6923076923077 126.92307692307692 1
286.15384615384613 131.53846153846158 1
232.3076923076923 143.0769230769231 1
196.9230769230769 161.53846153846158 1
190.7692307692308 167.30769230769232 1
201.53846153846158 170.76923076923075 1
196.9230769230769 170.76923076923075 1
196.9230769230769 170.76923076923075 1
196.9230769230769 170.76923076923075 1
196.9230769230769 170.76923076923075 1
175.38461538461542 180.0 1
172.3076923076923 182.3076923076923 1
169.23076923076925 182.3076923076923 1
169.23076923076925 182.3076923076923 1
169.23076923076925 182.3076923076923 1
169.23076923076925 182.3076923076923 1
169.23076923076925 182.3076923076923 1
169.23076923076925 182.3076923076923 1
169.23076923076925 182.3076923076923 1
169.23076923076925 182.3076923076923 1
169.23076923076925 182.3076923076923 1
169.23076923076925 182.3076923076923 1
169.23076923076925 182.3076923076923 1
169.23076923076925 182.3076923076923 1
169.23076923076925 182.3076923076923 1
169.23076923076925 181.15384615384616 1
169.23076923076925 181.15384615384616 1
169.23076923076925 181.15384615384616 1
172.3076923076923 177.6923076923077 1
172.3076923076923 177.6923076923077 1
195.38461538461542 163.84615384615384 1
246.15384615384616 136.15384615384616 1
303.07692307692315 113.07692307692308 1
346.15384615384613 106.15384615384615 1
380.0 105.0 1
383.07692307692315 102.69230769230771 1
375.3846153846154 105.0 1
375.3846153846154 105.0 1
375.3846153846154 105.0 1
370.76923076923083 105.0 1
372.3076923076923 105.0 1
380.0 99.23076923076924 1
384.6153846153846 91.15384615384615 1
380.0 88.84615384615385 1
383.07692307692315 90.0 1
383.07692307692315 90.0 1
383.07692307692315 90.0 1
363.07692307692315 77.30769230769229 1
358.46153846153845 72.69230769230771 1
355.3846153846154 71.53846153846153 1
353.84615384615387 72.69230769230771 1
353.84615384615387 72.69230769230771 1
353.84615384615387 72.69230769230771 1
353.84615384615387 72.69230769230771 1
353.84615384615387 72.69230769230771 1
353.84615384615387 72.69230769230771 1
353.84615384615387 72.69230769230771 1
353.84615384615387 68.07692307692308 1
355.3846153846154 68.07692307692308 1
355.3846153846154 68.07692307692308 1
355.3846153846154 68.07692307692308 1
347.6923076923077 71.53846153846153 1
346.15384615384613 71.53846153846153 1
346.15384615384613 71.53846153846153 1
346.15384615384613 71.53846153846153 1
346.15384615384613 71.53846153846153 1
346.15384615384613 70.38461538461539 1
346.15384615384613 70.38461538461539 1
346.15384615384613 70.38461538461539 1
346.15384615384613 70.38461538461539 1
346.15384615384613 68.07692307692308 0
346.15384615384613 68.07692307692308 0
346.15384615384613 68.07692307692308 0
346.15384615384613 68.07692307692308 1
346.15384615384613 68.07692307692308 1
346.15384615384613 68.07692307692308 1
346.15384615384613 68.07692307692308 1
347.6923076923077 71.53846153846153 1
347.6923076923077 71.53846153846153 1
355.3846153846154 76.15384615384616 1
347.6923076923077 78.46153846153847 0
347.6923076923077 78.46153846153847 0
395.3846153846154 137.30769230769232 1
384.6153846153846 140.76923076923075 1
380.0 144.23076923076925 1
380.0 144.23076923076925 1
380.0 144.23076923076925 1
380.0 144.23076923076925 1
398.46153846153845 173.0769230769231 1
415.3846153846154 226.15384615384616 1
409.23076923076917 263.0769230769231 1
415.3846153846154 294.23076923076917 1
404.6153846153846 308.07692307692315 1
398.46153846153845 335.76923076923083 1
407.6923076923077 355.3846153846154 1
404.6153846153846 360.0 1
401.5384615384616 368.07692307692315 1
401.5384615384616 377.3076923076923 1
401.5384615384616 383.07692307692315 1
398.46153846153845 383.07692307692315 1
398.46153846153845 383.07692307692315 1
395.3846153846154 383.07692307692315 1
395.3846153846154 383.07692307692315 1
395.3846153846154 383.07692307692315 1
395.3846153846154 383.07692307692315 1
395.3846153846154 383.07692307692315 1
395.3846153846154 383.07692307692315 1
400.0 386.5384615384616 1
421.5384615384616 388.8461538461538 1
420.0 387.6923076923077 1
421.5384615384616 388.8461538461538 1
415.3846153846154 387.6923076923077 1
415.3846153846154 387.6923076923077 1
415.3846153846154 387.6923076923077 1
415.3846153846154 387.6923076923077 1
415.3846153846154 387.6923076923077 1
415.3846153846154 387.6923076923077 1
415.3846153846154 387.6923076923077 1
415.3846153846154 387.6923076923077 1
415.3846153846154 387.6923076923077 1
415.3846153846154 387.6923076923077 1
435.3846153846154 378.46153846153845 1
444.6153846153846 357.6923076923077 1
449.23076923076917 343.84615384615387 1
449.23076923076917 343.84615384615387 1
447.6923076923077 345.0 1
447.6923076923077 345.0 1
444.6153846153846 346.15384615384613 1
444.6153846153846 346.15384615384613 1
444.6153846153846 346.15384615384613 1
440.0 293.07692307692315 1
438.46153846153845 249.23076923076923 1
440.0 200.7692307692308 1
432.3076923076923 168.46153846153842 1
403.07692307692315 139.61538461538458 1
372.3076923076923 126.92307692307692 1
363.07692307692315 122.30769230769229 1
363.07692307692315 122.30769230769229 1
363.07692307692315 122.30769230769229 1
363.07692307692315 122.30769230769229 1
363.07692307692315 122.30769230769229 1
363.07692307692315 122.30769230769229 1
364.6153846153846 123.46153846153848 1
364.6153846153846 123.46153846153848 1
364.6153846153846 123.46153846153848 1
364.6153846153846 123.46153846153848 1
364.6153846153846 123.46153846153848 1
364.6153846153846 123.46153846153848 1
381.5384615384616 126.92307692307692 1
384.6153846153846 129.23076923076923 1
381.5384615384616 129.23076923076923 1
381.5384615384616 129.23076923076923 1
381.5384615384616 129.23076923076923 1
381.5384615384616 129.23076923076923 1
381.5384615384616 129.23076923076923 1
381.5384615384616 129.23076923076923 1
381.5384615384616 129.23076923076923 1
381.5384615384616 129.23076923076923 1
340.0 129.23076923076923 1
315.38461538461536 131.53846153846158 1
315.38461538461536 131.53846153846158 1
315.38461538461536 131.53846153846158 1
284.61538461538464 133.84615384615384 1
243.0769230769231 140.76923076923075 1
223.0769230769231 146.53846153846158 1
223.0769230769231 146.53846153846158 1
223.0769230769231 146.53846153846158 1
223.0769230769231 146.53846153846158 1
223.0769230769231 146.53846153846158 1
215.38461538461542 146.53846153846158 1
215.38461538461542 146.53846153846158 1
195.38461538461542 150.0 1
192.3076923076923 152.30769230769232 1
192.3076923076923 152.30769230769232 1
192.3076923076923 152.30769230769232 1
192.3076923076923 152.30769230769232 1
192.3076923076923 152.30769230769232 1
195.38461538461542 152.30769230769232 1
209.23076923076923 167.30769230769232 1
221.53846153846158 174.23076923076923 1
221.53846153846158 175.38461538461542 1
221.53846153846158 175.38461538461542 1
220.0 173.0769230769231 1
220.0 173.0769230769231 1
209.23076923076923 176.53846153846158 1
192.3076923076923 196.15384615384616 1
192.3076923076923 196.15384615384616 1
192.3076923076923 192.6923076923077 1
192.3076923076923 192.6923076923077 1
192.3076923076923 192.6923076923077 1
192.3076923076923 192.6923076923077 1
192.3076923076923 192.6923076923077 1
192.3076923076923 192.6923076923077 1
192.3076923076923 192.6923076923077 1
195.38461538461542 189.23076923076923 1
235.38461538461542 167.30769230769232 1
258.46153846153845 159.23076923076925 1
255.38461538461542 159.23076923076925 1
255.38461538461542 159.23076923076925 1
275.38461538461536 146.53846153846158 1
324.61538461538464 135.0 1
346.15384615384613 131.53846153846158 1
341.53846153846155 131.53846153846158 1
340.0 131.53846153846158 1
340.0 131.53846153846158 1
340.0 131.53846153846158 1
364.6153846153846 129.23076923076923 1
370.76923076923083 130.38461538461542 1
367.6923076923077 130.38461538461542 1
367.6923076923077 130.38461538461542 1
367.6923076923077 130.38461538461542 1
367.6923076923077 130.38461538461542 1
404.6153846153846 129.23076923076923 1
441.5384615384616 135.0 1
472.3076923076923 148.84615384615384 1
487.6923076923077 154.61538461538458 1
498.46153846153845 160.38461538461542 1
500.0 161.53846153846158 1
501.5384615384616 163.84615384615384 1
501.5384615384616 163.84615384615384 1
500.0 163.84615384615384 1
498.46153846153845 165.0 1
498.46153846153845 165.0 1
498.46153846153845 165.0 1
498.46153846153845 165.0 1
467.6923076923077 148.84615384615384 1
418.46153846153845 133.84615384615384 1
404.6153846153846 131.53846153846158 1
404.6153846153846 131.53846153846158 1
404.6153846153846 131.53846153846158 1
404.6153846153846 131.53846153846158 1
404.6153846153846 131.53846153846158 1
404.6153846153846 131.53846153846158 1
398.46153846153845 124.6153846153846 1
355.3846153846154 117.69230769230771 1
352.3076923076923 115.3846153846154 1
352.3076923076923 115.3846153846154 1
352.3076923076923 115.3846153846154 1
352.3076923076923 115.3846153846154 1
352.3076923076923 115.3846153846154 1
352.3076923076923 115.3846153846154 1
361.5384615384616 113.07692307692308 1
375.3846153846154 106.15384615384615 1
375.3846153846154 106.15384615384615 1
375.3846153846154 106.15384615384615 1
372.3076923076923 106.15384615384615 1
360.0 115.3846153846154 0
360.0 115.3846153846154 0
360.0 115.3846153846154 0
381.5384615384616 98.07692307692308 1
381.5384615384616 98.07692307692308 1
381.5384615384616 98.07692307692308 1
381.5384615384616 98.07692307692308 1
381.5384615384616 98.07692307692308 1
381.5384615384616 98.07692307692308 1
381.5384615384616 98.07692307692308 1
398.46153846153845 99.23076923076924 1
412.3076923076923 100.3846153846154 1
407.6923076923077 100.3846153846154 1
407.6923076923077 100.3846153846154 1
407.6923076923077 100.3846153846154 1
407.6923076923077 100.3846153846154 1
403.07692307692315 100.3846153846154 1
403.07692307692315 100.3846153846154 1
403.07692307692315 100.3846153846154 1
403.07692307692315 100.3846153846154 1
403.07692307692315 100.3846153846154 1
403.07692307692315 100.3846153846154 1
403.07692307692315 100.3846153846154 1
403.07692307692315 100.3846153846154 1
403.07692307692315 100.3846153846154 1
403.07692307692315 100.3846153846154 1
403.07692307692315 100.3846153846154 1
412.3076923076923 99.23076923076924 1
412.3076923076923 99.23076923076924 1
412.3076923076923 99.23076923076924 1
412.3076923076923 99.23076923076924 1
418.46153846153845 99.23076923076924 1
418.46153846153845 99.23076923076924 1
418.46153846153845 99.23076923076924 1
418.46153846153845 99.23076923076924 1
409.23076923076917 100.3846153846154 1
401.5384615384616 105.0 1
401.5384615384616 108.46153846153848 1
401.5384615384616 106.15384615384615 1
401.5384615384616 106.15384615384615 1
401.5384615384616 106.15384615384615 1
401.5384615384616 106.15384615384615 1
400.0 108.46153846153848 1
400.0 108.46153846153848 0
400.0 108.46153846153848 0
370.76923076923083 114.23076923076924 0
367.6923076923077 108.46153846153848 1
367.6923076923077 108.46153846153848 1
367.6923076923077 108.46153846153848 1
367.6923076923077 108.46153846153848 1
367.6923076923077 108.46153846153848 1
367.6923076923077 108.46153846153848 1
367.6923076923077 108.46153846153848 1
367.6923076923077 108.46153846153848 1
367.6923076923077 108.46153846153848 1
367.6923076923077 108.46153846153848 1
367.6923076923077 108.46153846153848 1
367.6923076923077 108.46153846153848 1
367.6923076923077 108.46153846153848 1
367.6923076923077 108.46153846153848 1
367.6923076923077 108.46153846153848 1
367.6923076923077 115.3846153846154 1
367.6923076923077 115.3846153846154 1
367.6923076923077 115.3846153846154 1
367.6923076923077 115.3846153846154 1
367.6923076923077 115.3846153846154 1
367.6923076923077 115.3846153846154 1
367.6923076923077 115.3846153846154 1
367.6923076923077 115.3846153846154 1
367.6923076923077 115.3846153846154 1
367.6923076923077 115.3846153846154 1
367.6923076923077 115.3846153846154 1
367.6923076923077 115.3846153846154 1
367.6923076923077 115.3846153846154 1
367.6923076923077 115.3846153846154 1
367.6923076923077 115.3846153846154 1
367.6923076923077 115.3846153846154 1
367.6923076923077 115.3846153846154 1
367.6923076923077 115.3846153846154 1
367.6923076923077 115.3846153846154 1
367.6923076923077 115.3846153846154 1
364.6153846153846 115.3846153846154 1
363.07692307692315 114.23076923076924 1
361.5384615384616 110.76923076923076 1
361.5384615384616 110.76923076923076 1
361.5384615384616 110.76923076923076 1
361.5384615384616 110.76923076923076 1
361.5384615384616 110.76923076923076 1
361.5384615384616 110.76923076923076 1
361.5384615384616 110.76923076923076 1
361.5384615384616 110.76923076923076 1
361.5384615384616 110.76923076923076 1
364.6153846153846 106.15384615384615 1
364.6153846153846 106.15384615384615 1
364.6153846153846 106.15384615384615 1
364.6153846153846 106.15384615384615 1
364.6153846153846 106.15384615384615 1
364.6153846153846 106.15384615384615 1
364.6153846153846 106.15384615384615 1
364.6153846153846 108.46153846153848 1
307.6923076923077 118.84615384615385 1
263.0769230769231 123.46153846153848 1
215.38461538461542 139.61538461538458 1
190.7692307692308 152.30769230769232 1
166.15384615384616 169.61538461538458 1
166.15384615384616 169.61538461538458 1
166.15384615384616 168.46153846153842 1
166.15384615384616 168.46153846153842 1
166.15384615384616 168.46153846153842 1
166.15384615384616 168.46153846153842 1
166.15384615384616 168.46153846153842 1
166.15384615384616 167.30769230769232 1
166.15384615384616 167.30769230769232 1
166.15384615384616 167.30769230769232 1
169.23076923076925 167.30769230769232 1
169.23076923076925 167.30769230769232 1
169.23076923076925 167.30769230769232 1
169.23076923076925 167.30769230769232 1
169.23076923076925 167.30769230769232 1
169.23076923076925 167.30769230769232 1
169.23076923076925 167.30769230769232 1
169.23076923076925 167.30769230769232 1
169.23076923076925 167.30769230769232 1
169.23076923076925 167.30769230769232 1
169.23076923076925 167.30769230769232 1
169.23076923076925 167.30769230769232 1
169.23076923076925 167.30769230769232 1
169.23076923076925 166.15384615384616 1
169.23076923076925 166.15384615384616 1
169.23076923076925 166.15384615384616 1
169.23076923076925 166.15384615384616 1
169.23076923076925 166.15384615384616 1
169.23076923076925 166.15384615384616 1
169.23076923076925 166.15384615384616 1
227.6923076923077 138.46153846153842 1
292.3076923076923 116.53846153846152 1
341.53846153846155 111.92307692307692 1
387.6923076923077 115.3846153846154 1
424.6153846153846 124.6153846153846 1
452.3076923076923 133.84615384615384 1
475.3846153846154 146.53846153846158 1
487.6923076923077 152.30769230769232 1
501.5384615384616 159.23076923076925 1
501.5384615384616 159.23076923076925 1
504.6153846153846 161.53846153846158 1
503.07692307692315 159.23076923076925 1
503.07692307692315 159.23076923076925 1
495.3846153846154 159.23076923076925 1
495.3846153846154 159.23076923076925 1
516.9230769230769 169.61538461538458 1
513.8461538461538 185.7692307692308 1
512.3076923076924 183.46153846153842 1
512.3076923076924 182.3076923076923 1
512.3076923076924 182.3076923076923 1
512.3076923076924 182.3076923076923 1
512.3076923076924 182.3076923076923 1
512.3076923076924 182.3076923076923 1
513.8461538461538 185.7692307692308 1
518.4615384615385 188.0769230769231 1
518.4615384615385 188.0769230769231 1
518.4615384615385 188.0769230769231 1
518.4615384615385 188.0769230769231 1
518.4615384615385 188.0769230769231 1
518.4615384615385 188.0769230769231 1
518.4615384615385 188.0769230769231 1
518.4615384615385 188.0769230769231 1
518.4615384615385 188.0769230769231 1
518.4615384615385 188.0769230769231 1
518.4615384615385 188.0769230769231 1
518.4615384615385 188.0769230769231 1
518.4615384615385 188.0769230769231 1
518.4615384615385 188.0769230769231 1
518.4615384615385 188.0769230769231 1
518.4615384615385 188.0769230769231 1
518.4615384615385 188.0769230769231 1
518.4615384615385 188.0769230769231 1
521.5384615384615 182.3076923076923 1
521.5384615384615 182.3076923076923 1
521.5384615384615 182.3076923076923 1
521.5384615384615 182.3076923076923 1
520.0 182.3076923076923 1
518.4615384615385 182.3076923076923 1
518.4615384615385 182.3076923076923 1
518.4615384615385 182.3076923076923 1
518.4615384615385 182.3076923076923 1
518.4615384615385 182.3076923076923 1
518.4615384615385 177.6923076923077 1
518.4615384615385 177.6923076923077 1
518.4615384615385 178.84615384615384 1
518.4615384615385 178.84615384615384 1
518.4615384615385 178.84615384615384 1
518.4615384615385 178.84615384615384 1
518.4615384615385 178.84615384615384 1
518.4615384615385 178.84615384615384 1
509.23076923076917 174.23076923076923 1
509.23076923076917 174.23076923076923 1
509.23076923076917 174.23076923076923 1
504.6153846153846 167.30769230769232 1
504.6153846153846 167.30769230769232 1
504.6153846153846 166.15384615384616 1
504.6153846153846 166.15384615384616 1
504.6153846153846 166.15384615384616 1
504.6153846153846 166.15384615384616 1
487.6923076923077 153.46153846153842 1
483.07692307692315 152.30769230769232 1
483.07692307692315 152.30769230769232 1
483.07692307692315 152.30769230769232 1
467.6923076923077 139.61538461538458 1
418.46153846153845 124.6153846153846 1
395.3846153846154 115.3846153846154 1
392.3076923076923 115.3846153846154 1
395.3846153846154 115.3846153846154 1
398.46153846153845 115.3846153846154 1
398.46153846153845 115.3846153846154 1
398.46153846153845 115.3846153846154 1
398.46153846153845 115.3846153846154 1
384.6153846153846 115.3846153846154 1
330.76923076923083 114.23076923076924 1
284.61538461538464 117.69230769230771 1
266.15384615384613 122.30769230769229 1
266.15384615384613 117.69230769230771 1
266.15384615384613 118.84615384615385 1
266.15384615384613 118.84615384615385 1
266.15384615384613 118.84615384615385 1
266.15384615384613 118.84615384615385 1
273.84615384615387 120.0 1
315.38461538461536 115.3846153846154 1
346.15384615384613 113.07692307692308 1
341.53846153846155 111.92307692307692 1
341.53846153846155 111.92307692307692 1
341.53846153846155 111.92307692307692 1
341.53846153846155 111.92307692307692 1
341.53846153846155 111.92307692307692 1
341.53846153846155 111.92307692307692 1
341.53846153846155 111.92307692307692 1
341.53846153846155 111.92307692307692 1
341.53846153846155 111.92307692307692 1
343.07692307692315 113.07692307692308 1
344.6153846153846 113.07692307692308 1
366.1538461538461 113.07692307692308 1
418.46153846153845 118.84615384615385 1
430.76923076923083 124.6153846153846 1
427.6923076923077 126.92307692307692 1
427.6923076923077 126.92307692307692 1
427.6923076923077 126.92307692307692 1
427.6923076923077 126.92307692307692 1
427.6923076923077 124.6153846153846 1
427.6923076923077 124.6153846153846 1
427.6923076923077 124.6153846153846 1
427.6923076923077 124.6153846153846 1
427.6923076923077 124.6153846153846 1
427.6923076923077 124.6153846153846 1
427.6923076923077 124.6153846153846 1
449.23076923076917 151.15384615384616 1
450.76923076923083 155.76923076923075 1
450.76923076923083 154.61538461538458 1
450.76923076923083 153.46153846153842 1
450.76923076923083 153.46153846153842 1
450.76923076923083 153.46153846153842 1
450.76923076923083 153.46153846153842 1
450.76923076923083 153.46153846153842 1
432.3076923076923 148.84615384615384 1
407.6923076923077 133.84615384615384 1
398.46153846153845 129.23076923076923 1
398.46153846153845 129.23076923076923 1
398.46153846153845 129.23076923076923 1
398.46153846153845 129.23076923076923 1
398.46153846153845 129.23076923076923 1
398.46153846153845 129.23076923076923 1
398.46153846153845 129.23076923076923 1
398.46153846153845 129.23076923076923 1
398.46153846153845 129.23076923076923 1
398.46153846153845 129.23076923076923 1
398.46153846153845 129.23076923076923 1
398.46153846153845 129.23076923076923 1
398.46153846153845 129.23076923076923 1
398.46153846153845 129.23076923076923 1
398.46153846153845 129.23076923076923 1
398.46153846153845 129.23076923076923 1
407.6923076923077 128.0769230769231 1
412.3076923076923 128.0769230769231 1
412.3076923076923 128.0769230769231 1
412.3076923076923 128.0769230769231 1
412.3076923076923 128.0769230769231 1
412.3076923076923 128.0769230769231 1
412.3076923076923 128.0769230769231 1
412.3076923076923 128.0769230769231 1
412.3076923076923 128.0769230769231 1
412.3076923076923 128.0769230769231 1
412.3076923076923 128.0769230769231 1
383.07692307692315 124.6153846153846 1
364.6153846153846 123.46153846153848 1
361.5384615384616 123.46153846153848 1
361.5384615384616 123.46153846153848 1
361.5384615384616 123.46153846153848 1
361.5384615384616 123.46153846153848 1
361.5384615384616 123.46153846153848 1
361.5384615384616 123.46153846153848 1
361.5384615384616 123.46153846153848 1
361.5384615384616 123.46153846153848 1
361.5384615384616 123.46153846153848 1
347.6923076923077 122.30769230769229 1
347.6923076923077 122.30769230769229 1
347.6923076923077 122.30769230769229 1
347.6923076923077 122.30769230769229 1
347.6923076923077 122.30769230769229 1
347.6923076923077 122.30769230769229 1
347.6923076923077 122.30769230769229 1
347.6923076923077 122.30769230769229 1
347.6923076923077 122.30769230769229 1
347.6923076923077 122.30769230769229 1
313.84615384615387 145.38461538461542 1
313.84615384615387 145.38461538461542 1
307.6923076923077 145.38461538461542 1
307.6923076923077 145.38461538461542 1
300.0 180.0 1
292.3076923076923 238.84615384615384 1
293.84615384615387 270.0 1
286.15384615384613 270.0 1
286.15384615384613 270.0 1
286.15384615384613 270.0 1
286.15384615384613 270.0 1
286.15384615384613 273.46153846153845 1
292.3076923076923 274.61538461538464 1
295.38461538461536 275.76923076923083 1
295.38461538461536 279.23076923076917 1
293.84615384615387 278.0769230769231 1
293.84615384615387 278.0769230769231 1
295.38461538461536 278.0769230769231 1
295.38461538461536 278.0769230769231 1
295.38461538461536 278.0769230769231 1
295.38461538461536 278.0769230769231 1
295.38461538461536 278.0769230769231 1
295.38461538461536 278.0769230769231 1
295.38461538461536 278.0769230769231 1
295.38461538461536 278.0769230769231 1
295.38461538461536 278.0769230769231 1
295.38461538461536 278.0769230769231 1
295.38461538461536 278.0769230769231 1
295.38461538461536 278.0769230769231 1
295.38461538461536 278.0769230769231 1
295.38461538461536 278.0769230769231 1
295.38461538461536 278.0769230769231 1
295.38461538461536 278.0769230769231 1
295.38461538461536 278.0769230769231 1
295.38461538461536 278.0769230769231 1
295.38461538461536 278.0769230769231 1
292.3076923076923 275.76923076923083 1
272.3076923076923 275.76923076923083 0
281.53846153846155 282.6923076923077 1
284.61538461538464 285.0 1
292.3076923076923 288.46153846153845 1
292.3076923076923 288.46153846153845 1
293.84615384615387 290.76923076923083 1
293.84615384615387 290.76923076923083 1
293.84615384615387 290.76923076923083 1
293.84615384615387 293.07692307692315 1
298.46153846153845 294.23076923076917 1
298.46153846153845 294.23076923076917 1
298.46153846153845 294.23076923076917 1
298.46153846153845 294.23076923076917 1
298.46153846153845 294.23076923076917 1
295.38461538461536 298.84615384615387 1
295.38461538461536 298.84615384615387 1
295.38461538461536 298.84615384615387 1
295.38461538461536 298.84615384615387 1
295.38461538461536 298.84615384615387 1
292.3076923076923 278.0769230769231 1
292.3076923076923 270.0 1
292.3076923076923 270.0 1
