152.30769230769232 234.23076923076923 0.0
153.84615384615384 234.23076923076923 0.0
153.84615384615384 235.3846153846154 0.0
153.84615384615384 235.3846153846154 0.0
152.30769230769232 236.53846153846155 0.0
152.30769230769232 237.69230769230768 0.0
152.30769230769232 237.69230769230768 0.0
152.30769230769232 238.84615384615384 0.0
150.76923076923077 238.84615384615384 0.0
150.76923076923077 240.0 0.0
150.76923076923077 240.0 0.0
149.23076923076923 238.84615384615384 0.0
149.23076923076923 240.0 0.0
149.23076923076923 240.0 0.0
153.84615384615384 229.6153846153846 0.0
158.46153846153845 223.84615384615384 0.0
167.69230769230768 219.23076923076923 0.0
170.76923076923077 216.92307692307693 0.0
167.69230769230768 220.3846153846154 0.0
164.6153846153846 222.69230769230768 0.0
172.30769230769232 216.92307692307693 0.0
173.84615384615384 215.76923076923077 0.0
175.3846153846154 213.46153846153845 0.0
170.76923076923077 216.92307692307693 0.0
166.15384615384616 219.23076923076923 0.0
173.84615384615384 216.92307692307693 0.0
170.76923076923077 215.76923076923077 0.0
172.30769230769232 214.6153846153846 0.0
172.30769230769232 214.6153846153846 0.0
164.6153846153846 220.3846153846154 0.0
164.6153846153846 219.23076923076923 0.0
167.69230769230768 216.92307692307693 0.0
173.84615384615384 216.92307692307693 0.0
173.84615384615384 213.46153846153845 0.0
170.76923076923077 216.92307692307693 0.0
163.07692307692307 222.69230769230768 0.0
166.15384615384616 220.3846153846154 0.0
172.30769230769232 216.92307692307693 0.0
175.3846153846154 214.6153846153846 0.0
167.69230769230768 222.69230769230768 0.0
164.6153846153846 223.84615384615384 0.0
164.6153846153846 222.69230769230768 0.0
169.23076923076923 216.92307692307693 0.0
173.84615384615384 216.92307692307693 0.0
176.92307692307693 215.76923076923077 0.0
175.3846153846154 215.76923076923077 0.0
169.23076923076923 216.92307692307693 0.0
166.15384615384616 219.23076923076923 0.0
166.15384615384616 219.23076923076923 0.0
166.15384615384616 218.07692307692307 0.0
172.30769230769232 215.76923076923077 0.0
172.30769230769232 215.76923076923077 0.0
169.23076923076923 216.92307692307693 0.0
166.15384615384616 221.53846153846155 0.0
164.6153846153846 220.3846153846154 0.0
170.76923076923077 216.92307692307693 0.0
173.84615384615384 214.6153846153846 0.0
173.84615384615384 213.46153846153845 0.0
169.23076923076923 218.07692307692307 0.0
166.15384615384616 219.23076923076923 0.0
167.69230769230768 216.92307692307693 0.0
172.30769230769232 216.92307692307693 0.0
173.84615384615384 213.46153846153845 0.0
175.3846153846154 214.6153846153846 0.0
170.76923076923077 219.23076923076923 0.0
175.3846153846154 216.92307692307693 0.0
180.0 216.92307692307693 0.0
183.07692307692307 216.92307692307693 0.0
184.6153846153846 216.92307692307693 0.0
181.53846153846155 212.30769230769232 0.0
172.30769230769232 218.07692307692307 0.0
170.76923076923077 218.07692307692307 0.0
175.3846153846154 216.92307692307693 0.0
176.92307692307693 214.6153846153846 0.0
176.92307692307693 214.6153846153846 0.0
166.15384615384616 220.3846153846154 0.0
173.84615384615384 218.07692307692307 0.0
178.46153846153845 216.92307692307693 0.0
173.84615384615384 214.6153846153846 0.0
167.69230769230768 219.23076923076923 0.0
172.30769230769232 218.07692307692307 0.0
176.92307692307693 218.07692307692307 0.0
178.46153846153845 218.07692307692307 0.0
170.76923076923077 214.6153846153846 0.0
164.6153846153846 218.07692307692307 0.0
169.23076923076923 215.76923076923077 0.0
172.30769230769232 215.76923076923077 0.0
173.84615384615384 213.46153846153845 0.0
173.84615384615384 215.76923076923077 0.0
170.76923076923077 215.76923076923077 0.0
173.84615384615384 216.92307692307693 0.0
176.92307692307693 215.76923076923077 0.0
173.84615384615384 213.46153846153845 0.0
173.84615384615384 214.6153846153846 0.0
170.76923076923077 216.92307692307693 0.0
169.23076923076923 216.92307692307693 0.0
167.69230769230768 216.92307692307693 0.0
176.92307692307693 216.92307692307693 0.0
176.92307692307693 214.6153846153846 0.0
175.3846153846154 212.30769230769232 0.0
173.84615384615384 216.92307692307693 0.0
169.23076923076923 216.92307692307693 0.0
178.46153846153845 215.76923076923077 0.0
180.0 213.46153846153845 0.0
176.92307692307693 213.46153846153845 0.0
176.92307692307693 214.6153846153846 0.0
169.23076923076923 220.3846153846154 0.0
169.23076923076923 219.23076923076923 0.0
176.92307692307693 218.07692307692307 0.0
178.46153846153845 218.07692307692307 0.0
180.0 215.76923076923077 0.0
172.30769230769232 218.07692307692307 0.0
170.76923076923077 218.07692307692307 0.0
172.30769230769232 216.92307692307693 0.0
176.92307692307693 218.07692307692307 0.0
173.84615384615384 214.6153846153846 0.0
172.30769230769232 215.76923076923077 0.0
167.69230769230768 219.23076923076923 0.0
167.69230769230768 216.92307692307693 0.0
173.84615384615384 218.07692307692307 0.0
172.30769230769232 213.46153846153845 0.0
169.23076923076923 214.6153846153846 0.0
166.15384615384616 215.76923076923077 0.0
158.46153846153845 218.07692307692307 0.0
161.53846153846155 216.92307692307693 0.0
160.0 216.92307692307693 0.0
155.3846153846154 213.46153846153845 0.0
163.07692307692307 214.6153846153846 0.0
163.07692307692307 216.92307692307693 0.0
169.23076923076923 216.92307692307693 0.0
172.30769230769232 214.6153846153846 0.0
167.69230769230768 214.6153846153846 0.0
166.15384615384616 216.92307692307693 0.0
161.53846153846155 218.07692307692307 0.0
169.23076923076923 216.92307692307693 0.0
172.30769230769232 214.6153846153846 0.0
169.23076923076923 215.76923076923077 0.0
167.69230769230768 216.92307692307693 0.0
163.07692307692307 220.3846153846154 0.0
167.69230769230768 216.92307692307693 0.0
175.3846153846154 216.92307692307693 0.0
172.30769230769232 212.30769230769232 0.0
173.84615384615384 212.30769230769232 0.0
172.30769230769232 214.6153846153846 0.0
166.15384615384616 215.76923076923077 0.0
172.30769230769232 215.76923076923077 0.0
172.30769230769232 213.46153846153845 0.0
173.84615384615384 212.30769230769232 0.0
172.30769230769232 214.6153846153846 0.0
170.76923076923077 215.76923076923077 0.0
175.3846153846154 214.6153846153846 0.0
176.92307692307693 215.76923076923077 0.0
178.46153846153845 213.46153846153845 0.0
170.76923076923077 215.76923076923077 0.0
169.23076923076923 218.07692307692307 0.0
167.69230769230768 218.07692307692307 0.0
175.3846153846154 216.92307692307693 0.0
178.46153846153845 213.46153846153845 0.0
180.0 212.30769230769232 0.0
181.53846153846155 213.46153846153845 0.0
175.3846153846154 215.76923076923077 0.0
175.3846153846154 215.76923076923077 0.0
175.3846153846154 214.6153846153846 0.0
178.46153846153845 215.76923076923077 0.0
178.46153846153845 215.76923076923077 0.0
176.92307692307693 212.30769230769232 0.0
176.92307692307693 213.46153846153845 0.0
175.3846153846154 215.76923076923077 0.0
170.76923076923077 216.92307692307693 0.0
180.0 214.6153846153846 0.0
184.6153846153846 213.46153846153845 0.0
184.6153846153846 208.84615384615384 0.0
186.15384615384616 208.84615384615384 0.0
183.07692307692307 211.15384615384616 0.0
184.6153846153846 212.30769230769232 0.0
186.15384615384616 211.15384615384616 0.0
184.6153846153846 210.0 0.0
184.6153846153846 210.0 0.0
183.07692307692307 211.15384615384616 0.0
181.53846153846155 211.15384615384616 0.0
184.6153846153846 211.15384615384616 0.0
186.15384615384616 210.0 0.0
183.07692307692307 211.15384615384616 0.0
175.3846153846154 214.6153846153846 0.0
175.3846153846154 214.6153846153846 0.0
181.53846153846155 213.46153846153845 0.0
183.07692307692307 211.15384615384616 0.0
183.07692307692307 212.30769230769232 0.0
180.0 213.46153846153845 0.0
180.0 213.46153846153845 0.0
180.0 213.46153846153845 0.0
181.53846153846155 214.6153846153846 0.0
186.15384615384616 215.76923076923077 0.0
186.15384615384616 213.46153846153845 0.0
181.53846153846155 213.46153846153845 0.0
175.3846153846154 216.92307692307693 0.0
173.84615384615384 218.07692307692307 0.0
176.92307692307693 215.76923076923077 0.0
181.53846153846155 214.6153846153846 0.0
181.53846153846155 213.46153846153845 0.0
172.30769230769232 219.23076923076923 0.0
172.30769230769232 219.23076923076923 0.0
175.3846153846154 216.92307692307693 0.0
175.3846153846154 215.76923076923077 0.0
175.3846153846154 215.76923076923077 0.0
180.0 215.76923076923077 0.0
178.46153846153845 215.76923076923077 0.0
172.30769230769232 218.07692307692307 0.0
167.69230769230768 221.53846153846155 0.0
163.07692307692307 223.84615384615384 0.0
164.6153846153846 223.84615384615384 0.0
164.6153846153846 223.84615384615384 0.0
