453.00 186.50
453.83 186.33
454.67 186.17
455.50 186.00
455.67 186.17
455.83 186.33
456.00 186.50
456.00 186.50
456.00 186.50
456.00 186.50
456.00 186.67
456.00 186.83
456.00 187.00
455.83 187.17
455.67 187.33
455.50 187.50
455.50 187.67
455.50 187.83
455.50 188.00
455.17 187.83
454.83 187.67
454.50 187.50
454.50 187.67
454.50 187.83
454.50 188.00
454.50 188.17
454.50 188.33
454.50 188.50
454.33 188.17
454.17 187.83
454.00 187.50
454.17 187.67
454.33 187.83
454.50 188.00
454.33 187.83
454.17 187.67
454.00 187.50
454.17 187.17
454.33 186.83
454.50 186.50
454.50 186.67
454.50 186.83
454.50 187.00
454.50 187.00
454.50 187.00
454.50 187.00
454.67 187.33
454.83 187.67
455.00 188.00
455.50 188.17
456.00 188.33
456.50 188.50
456.67 188.67
456.83 188.83
457.00 189.00
457.33 189.17
457.67 189.33
458.00 189.50
458.33 189.33
458.67 189.17
459.00 189.00
459.00 188.83
459.00 188.67
459.00 188.50
459.00 188.17
459.00 187.83
459.00 187.50
458.83 186.83
458.67 186.17
458.50 185.50
458.33 184.83
458.17 184.17
458.00 183.50
457.83 183.17
457.67 182.83
457.50 182.50
457.50 181.50
457.50 180.50
457.50 179.50
457.33 178.50
457.17 177.50
457.00 176.50
456.67 175.33
456.33 174.17
456.00 173.00
455.83 171.83
455.67 170.67
455.50 169.50
455.50 168.83
455.50 168.17
455.50 167.50
455.50 166.83
455.50 166.17
455.50 165.50
455.67 164.67
455.83 163.83
456.00 163.00
455.83 162.17
455.67 161.33
455.50 160.50
455.50 159.67
455.50 158.83
455.50 158.00
455.67 157.33
455.83 156.67
456.00 156.00
456.00 155.67
456.00 155.33
456.00 155.00
456.17 154.33
456.33 153.67
456.50 153.00
456.50 152.17
456.50 151.33
456.50 150.50
456.50 150.50
456.50 150.50
456.50 150.50
456.67 150.33
456.83 150.17
457.00 150.00
457.50 150.33
458.00 150.67
458.50 151.00
458.50 151.33
458.50 151.67
458.50 152.00
458.67 152.33
458.83 152.67
459.00 153.00
459.17 153.17
459.33 153.33
459.50 153.50
459.50 153.50
459.50 153.50
459.50 153.50
459.33 153.67
459.17 153.83
459.00 154.00
459.17 154.00
459.33 154.00
459.50 154.00
459.33 154.17
459.17 154.33
459.00 154.50
458.67 154.33
458.33 154.17
458.00 154.00
458.00 154.17
458.00 154.33
458.00 154.50
454.00 154.83
450.00 155.17
446.00 155.50
445.50 155.50
445.00 155.50
444.50 155.50
443.67 155.50
442.83 155.50
442.00 155.50
440.83 155.67
439.67 155.83
438.50 156.00
437.50 155.83
436.50 155.67
435.50 155.50
434.17 155.67
432.83 155.83
431.50 156.00
430.17 156.33
428.83 156.67
427.50 157.00
426.00 157.33
424.50 157.67
423.00 158.00
421.17 158.00
419.33 158.00
417.50 158.00
416.17 158.17
414.83 158.33
413.50 158.50
412.00 158.33
410.50 158.17
409.00 158.00
407.67 158.17
406.33 158.33
405.00 158.50
403.67 158.67
402.33 158.83
401.00 159.00
399.67 158.83
398.33 158.67
397.00 158.50
396.17 158.67
395.33 158.83
394.50 159.00
392.83 159.33
391.17 159.67
389.50 160.00
387.83 159.83
386.17 159.67
384.50 159.50
383.50 159.67
382.50 159.83
381.50 160.00
379.83 160.17
378.17 160.33
376.50 160.50
375.67 160.67
374.83 160.83
374.00 161.00
373.33 161.17
372.67 161.33
372.00 161.50
371.33 161.33
370.67 161.17
370.00 161.00
369.50 161.00
369.00 161.00
368.50 161.00
368.33 161.33
368.17 161.67
368.00 162.00
368.00 162.00
368.00 162.00
368.00 162.00
367.83 162.00
367.67 162.00
367.50 162.00
367.67 162.00
367.83 162.00
368.00 162.00
367.83 162.17
367.67 162.33
367.50 162.50
367.67 162.67
367.83 162.83
368.00 163.00
368.00 163.00
368.00 163.00
368.00 163.00
367.67 163.33
367.33 163.67
367.00 164.00
367.50 164.17
368.00 164.33
368.50 164.50
369.00 164.83
369.50 165.17
370.00 165.50
370.17 166.33
370.33 167.17
370.50 168.00
370.83 168.50
371.17 169.00
371.50 169.50
371.83 170.17
372.17 170.83
372.50 171.50
372.50 172.00
372.50 172.50
372.50 173.00
370.00 172.00
370.00 172.00
370.00 172.00
363.00 178.00
363.00 180.00
363.50 180.00
363.00 180.00
366.33 180.67
366.50 181.00
366.50 181.67
366.50 182.33
366.50 183.00
366.50 183.33
366.50 183.67
366.50 184.00
366.83 184.83
367.17 185.67
367.50 186.50
367.50 186.83
367.50 187.17
367.50 187.50
367.83 187.67
368.17 187.83
368.50 188.00
368.50 187.83
368.50 187.67
368.50 187.50
368.67 187.33
368.83 187.17
369.00 187.00
369.33 186.83
369.67 186.67
370.00 186.50
370.50 186.33
371.00 186.17
371.50 186.00
372.00 185.83
372.50 185.67
373.00 185.50
373.67 185.33
374.33 185.17
375.00 185.00
375.83 185.00
376.67 185.00
377.50 185.00
378.50 184.83
379.50 184.67
380.50 184.50
381.33 184.50
382.17 184.50
383.00 184.50
384.17 184.50
385.33 184.50
386.50 184.50
387.50 184.17
388.50 183.83
389.50 183.50
390.50 183.33
391.50 183.17
392.50 183.00
394.17 182.67
395.83 182.33
397.50 182.00
399.17 181.83
400.83 181.67
402.50 181.50
404.00 181.17
405.50 180.83
407.00 180.50
408.50 180.33
410.00 180.17
411.50 180.00
413.17 180.00
414.83 180.00
416.50 180.00
418.33 180.00
420.17 180.00
422.00 180.00
423.83 180.17
425.67 180.33
427.50 180.50
429.33 180.50
431.17 180.50
433.00 180.50
434.50 180.33
436.00 180.17
437.50 180.00
439.17 180.17
440.83 180.33
442.50 180.50
444.83 180.33
447.17 180.17
449.50 180.00
451.50 180.17
453.50 180.33
455.50 180.50
457.00 180.50
458.50 180.50
460.00 180.50
461.33 180.50
462.67 180.50
464.00 180.50
465.50 180.67
467.00 180.83
468.50 181.00
470.17 181.50
471.83 182.00
473.50 182.50
474.83 182.83
476.17 183.17
477.50 183.50
479.00 183.17
480.50 182.83
482.00 182.50
483.50 182.67
485.00 182.83
486.50 183.00
488.00 183.17
489.50 183.33
491.00 183.50
492.67 183.67
494.33 183.83
496.00 184.00
497.67 184.17
499.33 184.33
501.00 184.50
502.17 184.67
503.33 184.83
504.50 185.00
505.67 185.00
506.83 185.00
508.00 185.00
509.17 185.17
510.33 185.33
511.50 185.50
512.50 185.67
513.50 185.83
514.50 186.00
515.33 186.00
516.17 186.00
517.00 186.00
517.67 186.00
518.33 186.00
519.00 186.00
519.83 186.00
520.67 186.00
521.50 186.00
522.17 186.17
522.83 186.33
523.50 186.50
523.83 186.67
524.17 186.83
524.50 187.00
525.00 187.00
525.50 187.00
526.00 187.00
526.17 187.33
526.33 187.67
526.50 188.00
527.00 188.00
527.50 188.00
528.00 188.00
528.00 188.17
528.00 188.33
528.00 188.50
528.00 188.67
528.00 188.83
528.00 189.00
527.83 189.33
527.67 189.67
527.50 190.00
527.50 190.17
527.50 190.33
527.50 190.50
527.50 190.67
527.50 190.83
527.50 191.00
527.67 191.33
527.83 191.67
528.00 192.00
528.00 192.50
528.00 193.00
528.00 193.50
528.00 194.00
528.00 194.50
528.00 195.00
528.17 195.17
528.33 195.33
528.50 195.50
528.83 196.50
529.17 197.50
529.50 198.50
530.17 200.33
530.83 202.17
531.50 204.00
531.83 205.83
532.17 207.67
532.50 209.50
532.50 210.33
532.50 211.17
532.50 212.00
532.33 212.83
532.17 213.67
532.00 214.50
532.17 215.00
532.33 215.50
532.50 216.00
532.50 216.67
532.50 217.33
532.50 218.00
532.50 218.50
532.50 219.00
532.50 219.50
532.67 220.17
532.83 220.83
533.00 221.50
533.00 221.67
533.00 221.83
533.00 222.00
533.17 222.33
533.33 222.67
533.50 223.00
533.50 223.33
533.50 223.67
533.50 224.00
533.50 224.17
533.50 224.33
533.50 224.50
533.00 224.50
532.50 224.50
532.00 224.50
547.00 228.00
562.00 231.50
577.00 235.00
569.50 247.50
562.00 260.00
554.50 272.50
540.50 272.67
526.50 272.83
512.50 273.00
548.67 299.67
584.83 326.33
621.00 353.00
611.50 321.33
602.00 289.67
592.50 258.00
565.00 243.33
537.50 228.67
510.00 214.00
508.50 213.50
507.00 213.00
505.50 212.50
504.83 212.33
504.17 212.17
503.50 212.00
502.67 212.17
501.83 212.33
501.00 212.50
499.83 212.17
498.67 211.83
497.50 211.50
496.00 211.33
494.50 211.17
493.00 211.00
491.50 210.50
490.00 210.00
488.50 209.50
486.83 209.33
485.17 209.17
483.50 209.00
481.83 208.50
480.17 208.00
478.50 207.50
471.50 207.17
464.50 206.83
457.50 206.50
455.83 206.50
454.17 206.50
452.50 206.50
450.67 206.33
448.83 206.17
447.00 206.00
445.33 205.67
443.67 205.33
442.00 205.00
440.33 205.00
438.67 205.00
437.00 205.00
435.00 204.33
433.00 203.67
431.00 203.00
428.83 203.00
426.67 203.00
424.50 203.00
422.67 203.00
420.83 203.00
419.00 203.00
417.00 201.50
415.00 200.00
413.00 198.50
411.33 199.67
409.67 200.83
408.00 202.00
406.33 202.00
404.67 202.00
403.00 202.00
401.50 202.67
400.00 203.33
398.50 204.00
396.67 203.83
394.83 203.67
393.00 203.50
392.00 203.50
391.00 203.50
390.00 203.50
389.00 203.50
388.00 203.50
387.00 203.50
386.17 203.33
385.33 203.17
384.50 203.00
383.83 203.00
383.17 203.00
382.50 203.00
382.17 202.67
381.83 202.33
381.50 202.00
381.00 202.00
380.50 202.00
380.00 202.00
379.83 202.00
379.67 202.00
379.50 202.00
379.17 202.17
378.83 202.33
378.50 202.50
378.33 202.50
378.17 202.50
378.00 202.50
377.83 202.83
377.67 203.17
377.50 203.50
377.67 203.83
377.83 204.17
378.00 204.50
377.83 204.83
377.67 205.17
377.50 205.50
377.67 205.67
377.83 205.83
378.00 206.00
377.83 206.17
377.67 206.33
377.50 206.50
375.83 207.17
374.17 207.83
372.50 208.50
372.83 209.00
373.17 209.50
373.50 210.00
373.33 210.17
373.17 210.33
373.00 210.50
373.33 210.67
373.67 210.83
374.00 211.00
374.33 211.17
374.67 211.33
375.00 211.50
375.67 211.83
376.33 212.17
377.00 212.50
377.67 213.17
378.33 213.83
379.00 214.50
379.33 214.67
379.67 214.83
380.00 215.00
381.00 216.17
382.00 217.33
383.00 218.50
383.33 219.00
383.67 219.50
384.00 220.00
384.67 220.83
385.33 221.67
386.00 222.50
386.50 223.50
387.00 224.50
387.50 225.50
388.00 225.17
388.50 224.83
389.00 224.50
389.33 224.83
389.67 225.17
390.00 225.50
390.50 225.83
391.00 226.17
391.50 226.50
391.83 226.50
392.17 226.50
392.50 226.50
393.33 226.50
394.17 226.50
395.00 226.50
395.83 226.33
396.67 226.17
397.50 226.00
398.17 226.33
398.83 226.67
399.50 227.00
400.50 226.00
401.50 225.00
402.50 224.00
403.67 223.67
404.83 223.33
406.00 223.00
406.83 224.00
407.67 225.00
408.50 226.00
409.50 225.17
410.50 224.33
411.50 223.50
413.00 223.83
414.50 224.17
416.00 224.50
417.50 224.67
419.00 224.83
420.50 225.00
423.17 225.17
425.83 225.33
428.50 225.50
430.50 225.67
432.50 225.83
434.50 226.00
436.50 226.17
438.50 226.33
440.50 226.50
443.50 226.83
446.50 227.17
449.50 227.50
451.33 227.33
453.17 227.17
455.00 227.00
456.50 227.33
458.00 227.67
459.50 228.00
462.00 228.33
464.50 228.67
467.00 229.00
468.83 229.17
470.67 229.33
472.50 229.50
474.17 229.33
475.83 229.17
477.50 229.00
479.83 228.83
482.17 228.67
484.50 228.50
486.17 228.17
487.83 227.83
489.50 227.50
491.83 227.50
494.17 227.50
496.50 227.50
497.83 227.33
499.17 227.17
500.50 227.00
502.33 227.00
504.17 227.00
506.00 227.00
507.00 226.83
508.00 226.67
509.00 226.50
510.50 226.50
512.00 226.50
513.50 226.50
514.83 226.33
516.17 226.17
517.50 226.00
518.67 225.83
519.83 225.67
521.00 225.50
522.17 225.67
523.33 225.83
524.50 226.00
525.33 225.67
526.17 225.33
527.00 225.00
527.83 224.67
528.67 224.33
529.50 224.00
529.83 224.17
530.17 224.33
530.50 224.50
531.33 224.33
532.17 224.17
533.00 224.00
533.17 223.83
533.33 223.67
533.50 223.50
533.83 223.50
534.17 223.50
534.50 223.50
534.83 223.50
535.17 223.50
535.50 223.50
535.50 223.50
535.50 223.50
535.50 223.50
535.67 223.67
535.83 223.83
536.00 224.00
535.83 223.83
535.67 223.67
535.50 223.50
535.50 223.67
535.50 223.83
535.50 224.00
535.33 223.83
535.17 223.67
535.00 223.50
534.83 223.67
534.67 223.83
534.50 224.00
534.50 224.17
534.50 224.33
534.50 224.50
534.50 224.83
534.50 225.17
534.50 225.50
534.33 226.00
534.17 226.50
534.00 227.00
534.00 227.33
534.00 227.67
534.00 228.00
534.00 228.67
534.00 229.33
534.00 230.00
534.00 231.00
534.00 232.00
534.00 233.00
533.83 233.67
533.67 234.33
533.50 235.00
533.83 236.17
534.17 237.33
534.50 238.50
535.67 241.00
536.83 243.50
538.00 246.00
538.17 248.17
538.33 250.33
538.50 252.50
538.50 253.50
538.50 254.50
538.50 255.50
538.33 256.17
538.17 256.83
538.00 257.50
538.00 258.33
538.00 259.17
538.00 260.00
538.33 260.33
538.67 260.67
539.00 261.00
538.83 261.50
538.67 262.00
538.50 262.50
538.33 263.17
538.17 263.83
538.00 264.50
538.00 264.33
538.00 264.17
538.00 264.00
537.67 264.17
537.33 264.33
537.00 264.50
536.67 264.50
536.33 264.50
536.00 264.50
535.67 264.33
535.33 264.17
535.00 264.00
534.50 264.17
534.00 264.33
533.50 264.50
533.00 264.17
532.50 263.83
532.00 263.50
531.50 263.33
531.00 263.17
530.50 263.00
529.83 263.00
529.17 263.00
528.50 263.00
527.83 262.83
527.17 262.67
526.50 262.50
525.83 262.50
525.17 262.50
524.50 262.50
523.67 262.67
522.83 262.83
522.00 263.00
521.00 262.83
520.00 262.67
519.00 262.50
518.00 262.33
517.00 262.17
516.00 262.00
515.17 262.00
514.33 262.00
513.50 262.00
512.50 261.83
511.50 261.67
510.50 261.50
508.67 261.33
506.83 261.17
505.00 261.00
503.50 260.67
502.00 260.33
500.50 260.00
498.83 259.67
497.17 259.33
495.50 259.00
493.83 258.83
492.17 258.67
490.50 258.50
488.83 258.17
487.17 257.83
485.50 257.50
481.50 258.17
477.50 258.83
473.50 259.50
471.33 259.17
469.17 258.83
467.00 258.50
464.83 258.50
462.67 258.50
460.50 258.50
459.00 257.67
457.50 256.83
456.00 256.00
454.33 255.83
452.67 255.67
451.00 255.50
449.00 254.83
447.00 254.17
445.00 253.50
443.17 252.83
441.33 252.17
439.50 251.50
437.83 251.00
436.17 250.50
434.50 250.00
432.50 249.33
430.50 248.67
428.50 248.00
426.67 247.33
424.83 246.67
423.00 246.00
421.00 245.17
419.00 244.33
417.00 243.50
413.33 241.50
409.67 239.50
406.00 237.50
404.67 237.00
403.33 236.50
402.00 236.00
400.50 235.17
399.00 234.33
397.50 233.50
395.83 233.50
394.17 233.50
392.50 233.50
391.33 232.83
390.17 232.17
389.00 231.50
387.83 232.17
386.67 232.83
385.50 233.50
384.33 232.83
383.17 232.17
382.00 231.50
381.17 231.50
380.33 231.50
379.50 231.50
378.67 231.33
377.83 231.17
377.00 231.00
376.33 231.00
375.67 231.00
375.00 231.00
374.33 230.33
373.67 229.67
373.00 229.00
372.50 228.50
372.00 228.00
371.50 227.50
371.00 227.50
370.50 227.50
370.00 227.50
369.67 227.33
369.33 227.17
369.00 227.00
368.83 226.83
368.67 226.67
368.50 226.50
368.17 225.83
367.83 225.17
367.50 224.50
367.50 224.67
367.50 224.83
367.50 225.00
367.33 225.33
367.17 225.67
367.00 226.00
367.00 226.17
367.00 226.33
367.00 226.50
367.00 226.83
367.00 227.17
367.00 227.50
367.00 227.50
367.00 227.50
367.00 227.50
365.33 227.50
363.67 227.50
362.00 227.50
362.17 228.00
362.33 228.50
362.50 229.00
362.50 229.00
362.50 229.00
362.50 229.00
362.67 229.67
362.83 230.33
363.00 231.00
363.17 231.33
363.33 231.67
363.50 232.00
366.33 236.83
369.17 241.67
372.00 246.50
372.00 249.17
372.00 251.83
372.00 254.50
372.17 254.33
372.33 254.17
372.50 254.00
372.83 254.50
373.17 255.00
373.50 255.50
373.50 256.00
373.50 256.50
373.50 257.00
373.67 257.33
373.83 257.67
374.00 258.00
374.17 258.50
374.33 259.00
374.50 259.50
375.00 260.00
375.50 260.50
376.00 261.00
376.00 261.33
376.00 261.67
376.00 262.00
376.33 261.83
376.67 261.67
377.00 261.50
377.50 261.83
378.00 262.17
378.50 262.50
378.67 262.33
378.83 262.17
379.00 262.00
379.67 262.50
380.33 263.00
381.00 263.50
381.67 263.50
382.33 263.50
383.00 263.50
384.00 263.33
385.00 263.17
386.00 263.00
387.17 263.67
388.33 264.33
389.50 265.00
390.50 264.83
391.50 264.67
392.50 264.50
393.50 264.67
394.50 264.83
395.50 265.00
396.83 264.50
398.17 264.00
399.50 263.50
403.50 263.50
407.50 263.50
411.50 263.50
411.17 264.67
410.83 265.83
410.50 267.00
412.50 266.67
414.50 266.33
416.50 266.00
418.83 266.00
421.17 266.00
423.50 266.00
425.33 266.33
427.17 266.67
429.00 267.00
431.00 267.67
433.00 268.33
435.00 269.00
437.67 269.33
440.33 269.67
443.00 270.00
444.50 271.00
446.00 272.00
447.50 273.00
451.33 272.33
455.17 271.67
459.00 271.00
461.17 271.33
463.33 271.67
465.50 272.00
468.50 273.17
471.50 274.33
474.50 275.50
477.00 275.67
479.50 275.83
482.00 276.00
484.00 276.33
486.00 276.67
488.00 277.00
490.17 277.17
492.33 277.33
494.50 277.50
496.33 277.83
498.17 278.17
500.00 278.50
502.33 279.00
504.67 279.50
507.00 280.00
508.67 280.17
510.33 280.33
512.00 280.50
515.00 282.17
518.00 283.83
521.00 285.50
521.83 285.83
522.67 286.17
523.50 286.50
524.33 286.17
525.17 285.83
526.00 285.50
527.00 285.50
528.00 285.50
529.00 285.50
529.83 285.33
530.67 285.17
531.50 285.00
532.17 284.67
532.83 284.33
533.50 284.00
534.17 284.00
534.83 284.00
535.50 284.00
535.83 283.67
536.17 283.33
536.50 283.00
536.67 282.67
536.83 282.33
537.00 282.00
537.17 281.50
537.33 281.00
537.50 280.50
537.33 280.83
537.17 281.17
537.00 281.50
537.17 281.67
537.33 281.83
537.50 282.00
537.50 281.50
537.50 281.00
537.50 280.50
537.33 280.83
537.17 281.17
537.00 281.50
536.83 281.67
536.67 281.83
536.50 282.00
536.33 281.83
536.17 281.67
536.00 281.50
535.83 281.17
535.67 280.83
535.50 280.50
535.17 280.33
534.83 280.17
534.50 280.00
534.67 279.50
534.83 279.00
535.00 278.50
534.83 277.67
534.67 276.83
534.50 276.00
534.33 274.67
534.17 273.33
534.00 272.00
534.17 270.67
534.33 269.33
534.50 268.00
535.67 263.83
536.83 259.67
538.00 255.50
538.00 253.67
538.00 251.83
538.00 250.00
538.17 248.50
538.33 247.00
538.50 245.50
538.50 244.50
538.50 243.50
538.50 242.50
538.50 241.50
538.50 240.50
538.50 239.50
538.33 238.67
538.17 237.83
538.00 237.00
537.83 236.67
537.67 236.33
537.50 236.00
537.50 235.67
537.50 235.33
537.50 235.00
537.17 234.83
536.83 234.67
536.50 234.50
536.00 234.33
535.50 234.17
535.00 234.00
534.50 234.00
534.00 234.00
533.50 234.00
532.50 233.67
531.50 233.33
530.50 233.00
529.33 232.83
528.17 232.67
527.00 232.50
525.83 232.33
524.67 232.17
523.50 232.00
522.33 231.83
521.17 231.67
520.00 231.50
518.33 231.50
516.67 231.50
515.00 231.50
512.83 231.17
510.67 230.83
508.50 230.50
506.33 230.17
504.17 229.83
502.00 229.50
499.67 229.50
497.33 229.50
495.00 229.50
493.00 229.33
491.00 229.17
489.00 229.00
487.00 229.00
485.00 229.00
483.00 229.00
480.67 228.67
478.33 228.33
476.00 228.00
472.83 228.00
469.67 228.00
466.50 228.00
463.50 227.83
460.50 227.67
457.50 227.50
454.67 227.33
451.83 227.17
449.00 227.00
446.00 227.00
443.00 227.00
440.00 227.00
437.17 226.83
434.33 226.67
431.50 226.50
429.17 226.83
426.83 227.17
424.50 227.50
422.17 227.33
419.83 227.17
417.50 227.00
414.83 227.50
412.17 228.00
409.50 228.50
407.50 228.33
405.50 228.17
403.50 228.00
401.83 228.00
400.17 228.00
398.50 228.00
396.83 228.50
395.17 229.00
393.50 229.50
392.00 229.33
390.50 229.17
389.00 229.00
387.83 228.67
386.67 228.33
385.50 228.00
383.17 227.50
380.83 227.00
378.50 226.50
371.17 220.33
363.83 214.17
356.50 208.00
348.50 205.00
340.50 202.00
332.50 199.00
329.33 201.83
326.17 204.67
323.00 207.50
337.17 203.83
351.33 200.17
365.50 196.50
362.00 205.33
358.50 214.17
355.00 223.00
355.33 221.83
355.67 220.67
356.00 219.50
355.83 219.00
355.67 218.50
355.50 218.00
355.17 218.50
354.83 219.00
354.50 219.50
356.33 220.33
358.17 221.17
360.00 222.00
360.33 222.17
360.67 222.33
361.00 222.50
361.50 225.00
362.00 227.50
362.50 230.00
362.67 230.50
362.83 231.00
363.00 231.50
363.33 231.67
363.67 231.83
364.00 232.00
364.00 231.83
364.00 231.67
364.00 231.50
364.17 231.67
364.33 231.83
364.50 232.00
364.00 231.50
363.50 231.00
363.00 230.50
363.00 229.67
363.00 228.83
363.00 228.00
363.50 227.50
364.00 227.00
364.50 226.50
364.33 225.00
364.17 223.50
364.00 222.00
361.83 218.83
359.67 215.67
357.50 212.50
357.67 211.17
357.83 209.83
358.00 208.50
358.17 207.50
358.33 206.50
358.50 205.50
358.67 204.67
358.83 203.83
359.00 203.00
359.17 202.33
359.33 201.67
359.50 201.00
358.67 200.33
357.83 199.67
357.00 199.00
348.50 205.00
340.00 211.00
331.50 217.00
329.00 210.67
326.50 204.33
324.00 198.00
317.83 194.67
311.67 191.33
305.50 188.00
307.67 183.33
309.83 178.67
312.00 174.00
327.33 178.50
342.67 183.00
358.00 187.50
360.33 188.33
362.67 189.17
365.00 190.00
366.33 191.00
367.67 192.00
369.00 193.00
370.67 192.67
372.33 192.33
374.00 192.00
375.33 192.50
376.67 193.00
378.00 193.50
379.50 193.83
381.00 194.17
382.50 194.50
384.00 195.00
385.50 195.50
387.00 196.00
388.67 196.83
390.33 197.67
392.00 198.50
393.67 198.67
395.33 198.83
397.00 199.00
399.17 199.50
401.33 200.00
403.50 200.50
406.83 200.33
410.17 200.17
413.50 200.00
415.83 200.17
418.17 200.33
420.50 200.50
423.17 201.00
425.83 201.50
428.50 202.00
431.00 202.33
433.50 202.67
436.00 203.00
438.50 203.50
441.00 204.00
443.50 204.50
445.67 204.83
447.83 205.17
450.00 205.50
452.50 206.00
455.00 206.50
457.50 207.00
459.83 207.83
462.17 208.67
464.50 209.50
466.83 210.17
469.17 210.83
471.50 211.50
473.67 211.50
475.83 211.50
478.00 211.50
480.00 211.83
482.00 212.17
484.00 212.50
486.33 213.00
488.67 213.50
491.00 214.00
492.67 214.17
494.33 214.33
496.00 214.50
497.50 215.00
499.00 215.50
500.50 216.00
502.17 216.50
503.83 217.00
505.50 217.50
507.17 217.67
508.83 217.83
510.50 218.00
512.00 218.50
513.50 219.00
515.00 219.50
516.17 219.83
517.33 220.17
518.50 220.50
519.50 221.00
520.50 221.50
521.50 222.00
522.67 222.67
523.83 223.33
525.00 224.00
526.17 224.33
527.33 224.67
528.50 225.00
529.17 225.17
529.83 225.33
530.50 225.50
531.17 225.50
531.83 225.50
532.50 225.50
533.00 225.50
533.50 225.50
534.00 225.50
534.50 225.50
535.00 225.50
535.50 225.50
535.83 225.33
536.17 225.17
536.50 225.00
536.83 225.00
537.17 225.00
537.50 225.00
537.50 225.00
537.50 225.00
537.50 225.00
537.50 224.83
537.50 224.67
537.50 224.50
537.83 224.33
538.17 224.17
538.50 224.00
538.33 224.00
538.17 224.00
538.00 224.00
538.00 223.67
538.00 223.33
538.00 223.00
537.50 222.67
537.00 222.33
536.50 222.00
536.33 221.33
536.17 220.67
536.00 220.00
535.50 219.17
535.00 218.33
534.50 217.50
533.83 216.33
533.17 215.17
532.50 214.00
532.17 212.67
531.83 211.33
531.50 210.00
531.00 209.00
530.50 208.00
530.00 207.00
530.33 204.17
530.67 201.33
531.00 198.50
530.50 196.33
530.00 194.17
529.50 192.00
529.50 191.17
529.50 190.33
529.50 189.50
529.00 188.83
528.50 188.17
528.00 187.50
527.83 187.00
527.67 186.50
527.50 186.00
526.83 185.83
526.17 185.67
525.50 185.50
525.33 185.33
525.17 185.17
525.00 185.00
524.33 185.17
523.67 185.33
523.00 185.50
521.67 185.67
520.33 185.83
519.00 186.00
518.17 185.83
517.33 185.67
516.50 185.50
515.33 185.50
514.17 185.50
513.00 185.50
512.00 185.50
511.00 185.50
510.00 185.50
508.83 185.33
507.67 185.17
506.50 185.00
505.17 185.17
503.83 185.33
502.50 185.50
500.67 185.17
498.83 184.83
497.00 184.50
495.33 184.50
493.67 184.50
492.00 184.50
490.00 184.17
488.00 183.83
486.00 183.50
483.83 183.17
481.67 182.83
479.50 182.50
476.67 182.67
473.83 182.83
471.00 183.00
468.83 182.83
466.67 182.67
464.50 182.50
462.67 182.50
460.83 182.50
459.00 182.50
456.00 182.33
453.00 182.17
450.00 182.00
447.67 181.83
445.33 181.67
443.00 181.50
440.50 181.50
438.00 181.50
435.50 181.50
433.33 181.50
431.17 181.50
429.00 181.50
426.33 181.50
423.67 181.50
421.00 181.50
418.83 181.50
416.67 181.50
414.50 181.50
412.83 181.50
411.17 181.50
409.50 181.50
407.50 181.67
405.50 181.83
403.50 182.00
401.67 182.17
399.83 182.33
398.00 182.50
396.50 182.50
395.00 182.50
393.50 182.50
392.17 182.50
390.83 182.50
389.50 182.50
388.67 182.50
387.83 182.50
387.00 182.50
384.17 182.50
381.33 182.50
378.50 182.50
377.83 182.17
377.17 181.83
376.50 181.50
374.67 181.67
372.83 181.83
371.00 182.00
370.67 182.67
370.33 183.33
370.00 184.00
367.33 183.67
364.67 183.33
362.00 183.00
360.33 183.00
358.67 183.00
357.00 183.00
358.33 182.83
359.67 182.67
361.00 182.50
360.17 184.17
359.33 185.83
358.50 187.50
357.83 187.33
357.17 187.17
356.50 187.00
354.50 187.83
352.50 188.67
350.50 189.50
349.67 189.67
348.83 189.83
348.00 190.00
347.33 190.33
346.67 190.67
346.00 191.00
345.67 191.00
345.33 191.00
345.00 191.00
344.83 191.17
344.67 191.33
344.50 191.50
344.33 191.67
344.17 191.83
344.00 192.00
343.83 191.83
343.67 191.67
343.50 191.50
343.50 191.83
343.50 192.17
343.50 192.50
343.50 192.00
343.50 191.50
343.50 191.00
343.50 191.17
343.50 191.33
343.50 191.50
343.83 191.33
344.17 191.17
344.50 191.00
344.83 190.50
345.17 190.00
345.50 189.50
345.67 189.17
345.83 188.83
346.00 188.50
346.17 187.50
346.33 186.50
346.50 185.50
346.67 184.83
346.83 184.17
347.00 183.50
347.00 182.00
347.00 180.50
347.00 179.00
347.83 177.83
348.67 176.67
349.50 175.50
350.00 174.33
350.50 173.17
351.00 172.00
351.83 171.00
352.67 170.00
353.50 169.00
354.17 168.00
354.83 167.00
355.50 166.00
355.83 165.00
356.17 164.00
356.50 163.00
357.00 162.83
357.50 162.67
358.00 162.50
358.33 161.83
358.67 161.17
359.00 160.50
359.17 160.17
359.33 159.83
359.50 159.50
359.83 159.33
360.17 159.17
360.50 159.00
361.00 159.00
361.50 159.00
362.00 159.00
362.33 159.17
362.67 159.33
363.00 159.50
363.50 159.67
364.00 159.83
364.50 160.00
365.00 160.00
365.50 160.00
366.00 160.00
367.17 159.83
368.33 159.67
369.50 159.50
370.33 159.67
371.17 159.83
372.00 160.00
374.50 160.50
377.00 161.00
379.50 161.50
381.17 161.33
382.83 161.17
384.50 161.00
383.50 159.83
382.50 158.67
381.50 157.50
383.17 158.17
384.83 158.83
386.50 159.50
388.83 160.17
391.17 160.83
393.50 161.50
394.67 161.83
395.83 162.17
397.00 162.50
398.33 162.67
399.67 162.83
401.00 163.00
402.33 163.33
403.67 163.67
405.00 164.00
406.50 164.33
408.00 164.67
409.50 165.00
410.83 165.17
412.17 165.33
413.50 165.50
414.83 165.50
416.17 165.50
417.50 165.50
418.83 165.67
420.17 165.83
421.50 166.00
422.83 166.00
424.17 166.00
425.50 166.00
427.17 166.17
428.83 166.33
430.50 166.50
432.50 166.33
434.50 166.17
436.50 166.00
438.33 165.83
440.17 165.67
442.00 165.50
443.50 165.33
445.00 165.17
446.50 165.00
448.17 165.00
449.83 165.00
451.50 165.00
453.00 165.00
454.50 165.00
456.00 165.00
457.67 165.00
459.33 165.00
461.00 165.00
463.17 165.50
465.33 166.00
467.50 166.50
469.00 166.50
470.50 166.50
472.00 166.50
473.50 166.50
475.00 166.50
476.50 166.50
477.83 166.50
479.17 166.50
480.50 166.50
481.83 166.83
483.17 167.17
484.50 167.50
485.83 167.67
487.17 167.83
488.50 168.00
490.00 168.17
491.50 168.33
493.00 168.50
496.83 168.83
500.67 169.17
504.50 169.50
506.50 169.67
508.50 169.83
510.50 170.00
511.67 170.33
512.83 170.67
514.00 171.00
515.00 171.17
516.00 171.33
517.00 171.50
517.50 171.50
518.00 171.50
518.50 171.50
519.33 171.67
520.17 171.83
521.00 172.00
521.33 172.17
521.67 172.33
522.00 172.50
522.50 172.67
523.00 172.83
523.50 173.00
523.83 173.17
524.17 173.33
524.50 173.50
524.33 173.67
524.17 173.83
524.00 174.00
522.33 173.83
520.67 173.67
519.00 173.50
519.33 173.67
519.67 173.83
520.00 174.00
519.83 174.50
519.67 175.00
519.50 175.50
519.67 175.33
519.83 175.17
520.00 175.00
520.17 175.50
520.33 176.00
520.50 176.50
520.33 176.50
520.17 176.50
520.00 176.50
519.83 176.17
519.67 175.83
519.50 175.50
519.50 175.33
519.50 175.17
519.50 175.00
519.50 174.83
519.50 174.67
519.50 174.50
519.00 172.17
518.50 169.83
518.00 167.50
517.17 165.33
516.33 163.17
515.50 161.00
515.17 160.17
514.83 159.33
514.50 158.50
514.17 157.33
513.83 156.17
513.50 155.00
513.00 153.83
512.50 152.67
512.00 151.50
511.33 150.83
510.67 150.17
510.00 149.50
509.67 149.33
509.33 149.17
509.00 149.00
508.67 148.83
508.33 148.67
508.00 148.50
507.00 148.33
506.00 148.17
505.00 148.00
504.17 148.17
503.33 148.33
502.50 148.50
501.67 148.67
500.83 148.83
500.00 149.00
498.50 148.50
497.00 148.00
495.50 147.50
494.17 147.00
492.83 146.50
491.50 146.00
488.67 146.00
485.83 146.00
483.00 146.00
480.83 145.33
478.67 144.67
476.50 144.00
474.50 143.67
472.50 143.33
470.50 143.00
468.83 142.67
467.17 142.33
465.50 142.00
463.17 141.67
460.83 141.33
458.50 141.00
456.50 140.33
454.50 139.67
452.50 139.00
450.33 139.33
448.17 139.67
446.00 140.00
443.83 140.33
441.67 140.67
439.50 141.00
437.00 140.83
434.50 140.67
432.00 140.50
430.17 140.67
428.33 140.83
426.50 141.00
424.17 141.33
421.83 141.67
419.50 142.00
417.67 142.17
415.83 142.33
414.00 142.50
412.83 142.67
411.67 142.83
410.50 143.00
408.17 143.50
405.83 144.00
403.50 144.50
401.83 144.50
400.17 144.50
398.50 144.50
395.83 144.50
393.17 144.50
390.50 144.50
390.00 145.33
389.50 146.17
389.00 147.00
387.83 147.33
386.67 147.67
385.50 148.00
385.00 148.33
384.50 148.67
384.00 149.00
382.33 149.00
380.67 149.00
379.00 149.00
377.83 149.17
376.67 149.33
375.50 149.50
374.67 149.83
373.83 150.17
373.00 150.50
377.00 151.17
381.00 151.83
385.00 152.50
379.33 151.00
373.67 149.50
368.00 148.00
367.50 149.67
367.00 151.33
366.50 153.00
366.17 153.67
365.83 154.33
365.50 155.00
365.00 155.17
364.50 155.33
364.00 155.50
363.83 156.00
363.67 156.50
363.50 157.00
363.00 157.00
