453.0 186.5 1
453.83 186.33 1
454.67 186.17 1
455.5 186.0 1
455.67 186.17 1
455.83 186.33 1
456.0 186.5 1
456.0 186.5 1
456.0 186.5 1
456.0 186.5 1
456.0 186.67 1
456.0 186.83 1
456.0 187.0 1
455.83 187.17 1
455.67 187.33 1
455.5 187.5 1
455.5 187.67 1
455.5 187.83 1
455.5 188.0 1
455.17 187.83 1
454.83 187.67 1
454.5 187.5 1
454.5 187.67 1
454.5 187.83 1
454.5 188.0 1
454.5 188.17 1
454.5 188.33 1
454.5 188.5 1
454.33 188.17 1
454.17 187.83 1
454.0 187.5 1
454.17 187.67 1
454.33 187.83 1
454.5 188.0 1
454.33 187.83 1
454.17 187.67 1
454.0 187.5 1
454.17 187.17 1
454.33 186.83 1
454.5 186.5 1
454.5 186.67 1
454.5 186.83 1
454.5 187.0 1
454.5 187.0 1
454.5 187.0 1
454.5 187.0 1
454.67 187.33 1
454.83 187.67 1
455.0 188.0 1
455.5 188.17 1
456.0 188.33 1
456.5 188.5 1
456.67 188.67 1
456.83 188.83 1
457.0 189.0 1
457.33 189.17 1
457.67 189.33 1
458.0 189.5 1
458.33 189.33 1
458.67 189.17 1
459.0 189.0 1
459.0 188.83 1
459.0 188.67 1
459.0 188.5 1
459.0 188.17 1
459.0 187.83 1
459.0 187.5 1
458.83 186.83 1
458.67 186.17 1
458.5 185.5 1
458.33 184.83 1
458.17 184.17 1
458.0 183.5 1
457.83 183.17 1
457.67 182.83 1
457.5 182.5 1
457.5 181.5 1
457.5 180.5 1
457.5 179.5 1
457.33 178.5 1
457.17 177.5 1
457.0 176.5 1
456.67 175.33 1
456.33 174.17 1
456.0 173.0 1
455.83 171.83 1
455.67 170.67 1
455.5 169.5 1
455.5 168.83 1
455.5 168.17 1
455.5 167.5 1
455.5 166.83 1
455.5 166.17 1
455.5 165.5 1
455.67 164.67 1
455.83 163.83 1
456.0 163.0 1
455.83 162.17 1
455.67 161.33 1
455.5 160.5 1
455.5 159.67 1
455.5 158.83 1
455.5 158.0 1
455.67 157.33 1
455.83 156.67 1
456.0 156.0 1
456.0 155.67 1
456.0 155.33 1
456.0 155.0 1
456.17 154.33 1
456.33 153.67 1
456.5 153.0 1
456.5 152.17 1
456.5 151.33 1
456.5 150.5 1
456.5 150.5 1
456.5 150.5 1
456.5 150.5 1
456.67 150.33 1
456.83 150.17 1
457.0 150.0 1
457.5 150.33 1
458.0 150.67 1
458.5 151.0 1
458.5 151.33 1
458.5 151.67 1
458.5 152.0 1
458.67 152.33 1
458.83 152.67 1
459.0 153.0 1
459.17 153.17 1
459.33 153.33 1
459.5 153.5 1
459.5 153.5 1
459.5 153.5 1
459.5 153.5 1
459.33 153.67 1
459.17 153.83 1
459.0 154.0 1
459.17 154.0 1
459.33 154.0 1
459.5 154.0 1
459.33 154.17 1
459.17 154.33 1
459.0 154.5 1
458.67 154.33 1
458.33 154.17 1
458.0 154.0 1
458.0 154.17 1
458.0 154.33 1
458.0 154.5 1
454.0 154.83 1
450.0 155.17 1
446.0 155.5 1
445.5 155.5 1
445.0 155.5 1
444.5 155.5 1
443.67 155.5 1
442.83 155.5 1
442.0 155.5 1
440.83 155.67 1
439.67 155.83 1
438.5 156.0 1
437.5 155.83 1
436.5 155.67 1
435.5 155.5 1
434.17 155.67 1
432.83 155.83 1
431.5 156.0 1
430.17 156.33 1
428.83 156.67 1
427.5 157.0 1
426.0 157.33 1
424.5 157.67 1
423.0 158.0 1
421.17 158.0 1
419.33 158.0 1
417.5 158.0 1
416.17 158.17 1
414.83 158.33 1
413.5 158.5 1
412.0 158.33 1
410.5 158.17 1
409.0 158.0 1
407.67 158.17 1
406.33 158.33 1
405.0 158.5 1
403.67 158.67 1
402.33 158.83 1
401.0 159.0 1
399.67 158.83 1
398.33 158.67 1
397.0 158.5 1
396.17 158.67 1
395.33 158.83 1
394.5 159.0 1
392.83 159.33 1
391.17 159.67 1
389.5 160.0 1
387.83 159.83 1
386.17 159.67 1
384.5 159.5 1
383.5 159.67 1
382.5 159.83 1
381.5 160.0 1
379.83 160.17 1
378.17 160.33 1
376.5 160.5 1
375.67 160.67 1
374.83 160.83 1
374.0 161.0 1
373.33 161.17 1
372.67 161.33 1
372.0 161.5 1
371.33 161.33 1
370.67 161.17 1
370.0 161.0 1
369.5 161.0 1
369.0 161.0 1
368.5 161.0 1
368.33 161.33 1
368.17 161.67 1
368.0 162.0 1
368.0 162.0 1
368.0 162.0 1
368.0 162.0 1
367.83 162.0 1
367.67 162.0 1
367.5 162.0 1
367.67 162.0 1
367.83 162.0 1
368.0 162.0 1
367.83 162.17 1
367.67 162.33 1
367.5 162.5 1
367.67 162.67 1
367.83 162.83 1
368.0 163.0 1
368.0 163.0 1
368.0 163.0 1
368.0 163.0 1
367.67 163.33 1
367.33 163.67 1
367.0 164.0 1
367.5 164.17 1
368.0 164.33 1
368.5 164.5 1
369.0 164.83 1
369.5 165.17 1
370.0 165.5 1
370.17 166.33 1
370.33 167.17 1
370.5 168.0 1
370.83 168.5 1
371.17 169.0 1
371.5 169.5 1
371.83 170.17 1
372.17 170.83 1
372.5 171.5 1
372.5 172.0 1
372.5 172.5 1
372.5 173.0 1
370.0 172.0 1
370.0 172.0 1
370.0 172.0 1
363.0 178.0 1
363.0 180.0 1
363.5 180.0 1
363.0 180.0 1
366.33 180.67 1
366.5 181.0 1
366.5 181.67 1
366.5 182.33 1
366.5 183.0 1
366.5 183.33 1
366.5 183.67 1
366.5 184.0 1
366.83 184.83 1
367.17 185.67 1
367.5 186.5 1
367.5 186.83 1
367.5 187.17 1
367.5 187.5 1
367.83 187.67 1
368.17 187.83 1
368.5 188.0 1
368.5 187.83 1
368.5 187.67 1
368.5 187.5 1
368.67 187.33 1
368.83 187.17 1
369.0 187.0 1
369.33 186.83 1
369.67 186.67 1
370.0 186.5 1
370.5 186.33 1
371.0 186.17 1
371.5 186.0 1
372.0 185.83 1
372.5 185.67 1
373.0 185.5 1
373.67 185.33 1
374.33 185.17 1
375.0 185.0 1
375.83 185.0 1
376.67 185.0 1
377.5 185.0 1
378.5 184.83 1
379.5 184.67 1
380.5 184.5 1
381.33 184.5 1
382.17 184.5 1
383.0 184.5 1
384.17 184.5 1
385.33 184.5 1
386.5 184.5 1
387.5 184.17 1
388.5 183.83 1
389.5 183.5 1
390.5 183.33 1
391.5 183.17 1
392.5 183.0 1
394.17 182.67 1
395.83 182.33 1
397.5 182.0 1
399.17 181.83 1
400.83 181.67 1
402.5 181.5 1
404.0 181.17 1
405.5 180.83 1
407.0 180.5 1
408.5 180.33 1
410.0 180.17 1
411.5 180.0 1
413.17 180.0 1
414.83 180.0 1
416.5 180.0 1
418.33 180.0 1
420.17 180.0 1
422.0 180.0 1
423.83 180.17 1
425.67 180.33 1
427.5 180.5 1
429.33 180.5 1
431.17 180.5 1
433.0 180.5 1
434.5 180.33 1
436.0 180.17 1
437.5 180.0 1
439.17 180.17 1
440.83 180.33 1
442.5 180.5 1
444.83 180.33 1
447.17 180.17 1
449.5 180.0 1
451.5 180.17 1
453.5 180.33 1
455.5 180.5 1
457.0 180.5 1
458.5 180.5 1
460.0 180.5 1
461.33 180.5 1
462.67 180.5 1
464.0 180.5 1
465.5 180.67 1
467.0 180.83 1
468.5 181.0 1
470.17 181.5 1
471.83 182.0 1
473.5 182.5 1
474.83 182.83 1
476.17 183.17 1
477.5 183.5 1
479.0 183.17 1
480.5 182.83 1
482.0 182.5 1
483.5 182.67 1
485.0 182.83 1
486.5 183.0 1
488.0 183.17 1
489.5 183.33 1
491.0 183.5 1
492.67 183.67 1
494.33 183.83 1
496.0 184.0 1
497.67 184.17 1
499.33 184.33 1
501.0 184.5 1
502.17 184.67 1
503.33 184.83 1
504.5 185.0 1
505.67 185.0 1
506.83 185.0 1
508.0 185.0 1
509.17 185.17 1
510.33 185.33 1
511.5 185.5 1
512.5 185.67 1
513.5 185.83 1
514.5 186.0 1
515.33 186.0 1
516.17 186.0 1
517.0 186.0 1
517.67 186.0 1
518.33 186.0 1
519.0 186.0 1
519.83 186.0 1
520.67 186.0 1
521.5 186.0 1
522.17 186.17 1
522.83 186.33 1
523.5 186.5 1
523.83 186.67 1
524.17 186.83 1
524.5 187.0 1
525.0 187.0 1
525.5 187.0 1
526.0 187.0 1
526.17 187.33 1
526.33 187.67 1
526.5 188.0 1
527.0 188.0 1
527.5 188.0 1
528.0 188.0 1
528.0 188.17 1
528.0 188.33 1
528.0 188.5 1
528.0 188.67 1
528.0 188.83 1
528.0 189.0 1
527.83 189.33 1
527.67 189.67 1
527.5 190.0 1
527.5 190.17 1
527.5 190.33 1
527.5 190.5 1
527.5 190.67 1
527.5 190.83 1
527.5 191.0 1
527.67 191.33 1
527.83 191.67 1
528.0 192.0 1
528.0 192.5 1
528.0 193.0 1
528.0 193.5 1
528.0 194.0 1
528.0 194.5 1
528.0 195.0 1
528.17 195.17 1
528.33 195.33 1
528.5 195.5 1
528.83 196.5 1
529.17 197.5 1
529.5 198.5 1
530.17 200.33 1
530.83 202.17 1
531.5 204.0 1
531.83 205.83 1
532.17 207.67 1
532.5 209.5 1
532.5 210.33 1
532.5 211.17 1
532.5 212.0 1
532.33 212.83 1
532.17 213.67 1
532.0 214.5 1
532.17 215.0 1
532.33 215.5 1
532.5 216.0 1
532.5 216.67 1
532.5 217.33 1
532.5 218.0 1
532.5 218.5 1
532.5 219.0 1
532.5 219.5 1
532.67 220.17 1
532.83 220.83 1
533.0 221.5 1
533.0 221.67 1
533.0 221.83 1
533.0 222.0 1
533.17 222.33 1
533.33 222.67 1
533.5 223.0 1
533.5 223.33 1
533.5 223.67 1
533.5 224.0 1
533.5 224.17 1
533.5 224.33 1
533.5 224.5 1
533.0 224.5 1
532.5 224.5 1
532.0 224.5 1
547.0 228.0 1
562.0 231.5 0
577.0 235.0 0
569.5 247.5 0
562.0 260.0 0
554.5 272.5 0
540.5 272.67 0
526.5 272.83 0
512.5 273.0 0
548.67 299.67 0
584.83 326.33 0
621.0 353.0 0
611.5 321.33 0
602.0 289.67 0
592.5 258.0 0
565.0 243.33 0
537.5 228.67 0
510.0 214.0 1
508.5 213.5 1
507.0 213.0 1
505.5 212.5 1
504.83 212.33 1
504.17 212.17 1
503.5 212.0 1
502.67 212.17 1
501.83 212.33 1
501.0 212.5 1
499.83 212.17 1
498.67 211.83 1
497.5 211.5 1
496.0 211.33 1
494.5 211.17 1
493.0 211.0 1
491.5 210.5 1
490.0 210.0 1
488.5 209.5 1
486.83 209.33 1
485.17 209.17 1
483.5 209.0 1
481.83 208.5 1
480.17 208.0 1
478.5 207.5 1
471.5 207.17 1
464.5 206.83 1
457.5 206.5 1
455.83 206.5 1
454.17 206.5 1
452.5 206.5 1
450.67 206.33 1
448.83 206.17 1
447.0 206.0 1
445.33 205.67 1
443.67 205.33 1
442.0 205.0 1
440.33 205.0 1
438.67 205.0 1
437.0 205.0 1
435.0 204.33 1
433.0 203.67 1
431.0 203.0 1
428.83 203.0 1
426.67 203.0 1
424.5 203.0 1
422.67 203.0 1
420.83 203.0 1
419.0 203.0 1
417.0 201.5 1
415.0 200.0 1
413.0 198.5 1
411.33 199.67 1
409.67 200.83 1
408.0 202.0 1
406.33 202.0 1
404.67 202.0 1
403.0 202.0 1
401.5 202.67 1
400.0 203.33 1
398.5 204.0 1
396.67 203.83 1
394.83 203.67 1
393.0 203.5 1
392.0 203.5 1
391.0 203.5 1
390.0 203.5 1
389.0 203.5 1
388.0 203.5 1
387.0 203.5 1
386.17 203.33 1
385.33 203.17 1
384.5 203.0 1
383.83 203.0 1
383.17 203.0 1
382.5 203.0 1
382.17 202.67 1
381.83 202.33 1
381.5 202.0 1
381.0 202.0 1
380.5 202.0 1
380.0 202.0 1
379.83 202.0 1
379.67 202.0 1
379.5 202.0 1
379.17 202.17 1
378.83 202.33 1
378.5 202.5 1
378.33 202.5 1
378.17 202.5 1
378.0 202.5 1
377.83 202.83 1
377.67 203.17 1
377.5 203.5 1
377.67 203.83 1
377.83 204.17 1
378.0 204.5 1
377.83 204.83 1
377.67 205.17 1
377.5 205.5 1
377.67 205.67 1
377.83 205.83 1
378.0 206.0 1
377.83 206.17 1
377.67 206.33 1
377.5 206.5 1
375.83 207.17 1
374.17 207.83 1
372.5 208.5 1
372.83 209.0 1
373.17 209.5 1
373.5 210.0 1
373.33 210.17 1
373.17 210.33 1
373.0 210.5 1
373.33 210.67 1
373.67 210.83 1
374.0 211.0 1
374.33 211.17 1
374.67 211.33 1
375.0 211.5 1
375.67 211.83 1
376.33 212.17 1
377.0 212.5 1
377.67 213.17 1
378.33 213.83 1
379.0 214.5 1
379.33 214.67 1
379.67 214.83 1
380.0 215.0 1
381.0 216.17 1
382.0 217.33 1
383.0 218.5 1
383.33 219.0 1
383.67 219.5 1
384.0 220.0 1
384.67 220.83 1
385.33 221.67 1
386.0 222.5 1
386.5 223.5 1
387.0 224.5 1
387.5 225.5 1
388.0 225.17 1
388.5 224.83 1
389.0 224.5 1
389.33 224.83 1
389.67 225.17 1
390.0 225.5 1
390.5 225.83 1
391.0 226.17 1
391.5 226.5 1
391.83 226.5 1
392.17 226.5 1
392.5 226.5 1
393.33 226.5 1
394.17 226.5 1
395.0 226.5 1
395.83 226.33 1
396.67 226.17 1
397.5 226.0 1
398.17 226.33 1
398.83 226.67 1
399.5 227.0 1
400.5 226.0 1
401.5 225.0 1
402.5 224.0 1
403.67 223.67 1
404.83 223.33 1
406.0 223.0 1
406.83 224.0 1
407.67 225.0 1
408.5 226.0 1
409.5 225.17 1
410.5 224.33 1
411.5 223.5 1
413.0 223.83 1
414.5 224.17 1
416.0 224.5 1
417.5 224.67 1
419.0 224.83 1
420.5 225.0 1
423.17 225.17 1
425.83 225.33 1
428.5 225.5 1
430.5 225.67 1
432.5 225.83 1
434.5 226.0 1
436.5 226.17 1
438.5 226.33 1
440.5 226.5 1
443.5 226.83 1
446.5 227.17 1
449.5 227.5 1
451.33 227.33 1
453.17 227.17 1
455.0 227.0 1
456.5 227.33 1
458.0 227.67 1
459.5 228.0 1
462.0 228.33 1
464.5 228.67 1
467.0 229.0 1
468.83 229.17 1
470.67 229.33 1
472.5 229.5 1
474.17 229.33 1
475.83 229.17 1
477.5 229.0 1
479.83 228.83 1
482.17 228.67 1
484.5 228.5 1
486.17 228.17 1
487.83 227.83 1
489.5 227.5 1
491.83 227.5 1
494.17 227.5 1
496.5 227.5 1
497.83 227.33 1
499.17 227.17 1
500.5 227.0 1
502.33 227.0 1
504.17 227.0 1
506.0 227.0 1
507.0 226.83 1
508.0 226.67 1
509.0 226.5 1
510.5 226.5 1
512.0 226.5 1
513.5 226.5 1
514.83 226.33 1
516.17 226.17 1
517.5 226.0 1
518.67 225.83 1
519.83 225.67 1
521.0 225.5 1
522.17 225.67 1
523.33 225.83 1
524.5 226.0 1
525.33 225.67 1
526.17 225.33 1
527.0 225.0 1
527.83 224.67 1
528.67 224.33 1
529.5 224.0 1
529.83 224.17 1
530.17 224.33 1
530.5 224.5 1
531.33 224.33 1
532.17 224.17 1
533.0 224.0 1
533.17 223.83 1
533.33 223.67 1
533.5 223.5 1
533.83 223.5 1
534.17 223.5 1
534.5 223.5 1
534.83 223.5 1
535.17 223.5 1
535.5 223.5 1
535.5 223.5 1
535.5 223.5 1
535.5 223.5 1
535.67 223.67 1
535.83 223.83 1
536.0 224.0 1
535.83 223.83 1
535.67 223.67 1
535.5 223.5 1
535.5 223.67 1
535.5 223.83 1
535.5 224.0 1
535.33 223.83 1
535.17 223.67 1
535.0 223.5 1
534.83 223.67 1
534.67 223.83 1
534.5 224.0 1
534.5 224.17 1
534.5 224.33 1
534.5 224.5 1
534.5 224.83 1
534.5 225.17 1
534.5 225.5 1
534.33 226.0 1
534.17 226.5 1
534.0 227.0 1
534.0 227.33 1
534.0 227.67 1
534.0 228.0 1
534.0 228.67 1
534.0 229.33 1
534.0 230.0 1
534.0 231.0 1
534.0 232.0 1
534.0 233.0 1
533.83 233.67 1
533.67 234.33 1
533.5 235.0 1
533.83 236.17 1
534.17 237.33 1
534.5 238.5 1
535.67 241.0 1
536.83 243.5 1
538.0 246.0 1
538.17 248.17 1
538.33 250.33 1
538.5 252.5 1
538.5 253.5 1
538.5 254.5 1
538.5 255.5 1
538.33 256.17 1
538.17 256.83 1
538.0 257.5 1
538.0 258.33 1
538.0 259.17 1
538.0 260.0 1
538.33 260.33 1
538.67 260.67 1
539.0 261.0 1
538.83 261.5 1
538.67 262.0 1
538.5 262.5 1
538.33 263.17 1
538.17 263.83 1
538.0 264.5 1
538.0 264.33 1
538.0 264.17 1
538.0 264.0 1
537.67 264.17 1
537.33 264.33 1
537.0 264.5 1
536.67 264.5 1
536.33 264.5 1
536.0 264.5 1
535.67 264.33 1
535.33 264.17 1
535.0 264.0 1
534.5 264.17 1
534.0 264.33 1
533.5 264.5 1
533.0 264.17 1
532.5 263.83 1
532.0 263.5 1
531.5 263.33 1
531.0 263.17 1
530.5 263.0 1
529.83 263.0 1
529.17 263.0 1
528.5 263.0 1
527.83 262.83 1
527.17 262.67 1
526.5 262.5 1
525.83 262.5 1
525.17 262.5 1
524.5 262.5 1
523.67 262.67 1
522.83 262.83 1
522.0 263.0 1
521.0 262.83 1
520.0 262.67 1
519.0 262.5 1
518.0 262.33 1
517.0 262.17 1
516.0 262.0 1
515.17 262.0 1
514.33 262.0 1
513.5 262.0 1
512.5 261.83 1
511.5 261.67 1
510.5 261.5 1
508.67 261.33 1
506.83 261.17 1
505.0 261.0 1
503.5 260.67 1
502.0 260.33 1
500.5 260.0 1
498.83 259.67 1
497.17 259.33 1
495.5 259.0 1
493.83 258.83 1
492.17 258.67 1
490.5 258.5 1
488.83 258.17 1
487.17 257.83 1
485.5 257.5 1
481.5 258.17 1
477.5 258.83 1
473.5 259.5 1
471.33 259.17 1
469.17 258.83 1
467.0 258.5 1
464.83 258.5 1
462.67 258.5 1
460.5 258.5 1
459.0 257.67 1
457.5 256.83 1
456.0 256.0 1
454.33 255.83 1
452.67 255.67 1
451.0 255.5 1
449.0 254.83 1
447.0 254.17 1
445.0 253.5 1
443.17 252.83 1
441.33 252.17 1
439.5 251.5 1
437.83 251.0 1
436.17 250.5 1
434.5 250.0 1
432.5 249.33 1
430.5 248.67 1
428.5 248.0 1
426.67 247.33 1
424.83 246.67 1
423.0 246.0 1
421.0 245.17 1
419.0 244.33 1
417.0 243.5 1
413.33 241.5 1
409.67 239.5 1
406.0 237.5 1
404.67 237.0 1
403.33 236.5 1
402.0 236.0 1
400.5 235.17 1
399.0 234.33 1
397.5 233.5 1
395.83 233.5 1
394.17 233.5 1
392.5 233.5 1
391.33 232.83 1
390.17 232.17 1
389.0 231.5 1
387.83 232.17 1
386.67 232.83 1
385.5 233.5 1
384.33 232.83 1
383.17 232.17 1
382.0 231.5 1
381.17 231.5 1
380.33 231.5 1
379.5 231.5 1
378.67 231.33 1
377.83 231.17 1
377.0 231.0 1
376.33 231.0 1
375.67 231.0 1
375.0 231.0 1
374.33 230.33 1
373.67 229.67 1
373.0 229.0 1
372.5 228.5 1
372.0 228.0 1
371.5 227.5 1
371.0 227.5 1
370.5 227.5 1
370.0 227.5 1
369.67 227.33 1
369.33 227.17 1
369.0 227.0 1
368.83 226.83 1
368.67 226.67 1
368.5 226.5 1
368.17 225.83 1
367.83 225.17 1
367.5 224.5 1
367.5 224.67 1
367.5 224.83 1
367.5 225.0 1
367.33 225.33 1
367.17 225.67 1
367.0 226.0 1
367.0 226.17 1
367.0 226.33 1
367.0 226.5 1
367.0 226.83 1
367.0 227.17 1
367.0 227.5 1
367.0 227.5 1
367.0 227.5 1
367.0 227.5 1
365.33 227.5 1
363.67 227.5 1
362.0 227.5 1
362.17 228.0 1
362.33 228.5 1
362.5 229.0 1
362.5 229.0 1
362.5 229.0 1
362.5 229.0 1
362.67 229.67 1
362.83 230.33 1
363.0 231.0 1
363.17 231.33 1
363.33 231.67 1
363.5 232.0 1
366.33 236.83 1
369.17 241.67 1
372.0 246.5 1
372.0 249.17 1
372.0 251.83 1
372.0 254.5 1
372.17 254.33 1
372.33 254.17 1
372.5 254.0 1
372.83 254.5 1
373.17 255.0 1
373.5 255.5 1
373.5 256.0 1
373.5 256.5 1
373.5 257.0 1
373.67 257.33 1
373.83 257.67 1
374.0 258.0 1
374.17 258.5 1
374.33 259.0 1
374.5 259.5 1
375.0 260.0 1
375.5 260.5 1
376.0 261.0 1
376.0 261.33 1
376.0 261.67 1
376.0 262.0 1
376.33 261.83 1
376.67 261.67 1
377.0 261.5 1
377.5 261.83 1
378.0 262.17 1
378.5 262.5 1
378.67 262.33 1
378.83 262.17 1
379.0 262.0 1
379.67 262.5 1
380.33 263.0 1
381.0 263.5 1
381.67 263.5 1
382.33 263.5 1
383.0 263.5 1
384.0 263.33 1
385.0 263.17 1
386.0 263.0 1
387.17 263.67 1
388.33 264.33 1
389.5 265.0 1
390.5 264.83 1
391.5 264.67 1
392.5 264.5 1
393.5 264.67 1
394.5 264.83 1
395.5 265.0 1
396.83 264.5 1
398.17 264.0 1
399.5 263.5 1
403.5 263.5 1
407.5 263.5 1
411.5 263.5 1
411.17 264.67 1
410.83 265.83 1
410.5 267.0 1
412.5 266.67 1
414.5 266.33 1
416.5 266.0 1
418.83 266.0 1
421.17 266.0 1
423.5 266.0 1
425.33 266.33 1
427.17 266.67 1
429.0 267.0 1
431.0 267.67 1
433.0 268.33 1
435.0 269.0 1
437.67 269.33 1
440.33 269.67 1
443.0 270.0 1
444.5 271.0 1
446.0 272.0 1
447.5 273.0 1
451.33 272.33 1
455.17 271.67 1
459.0 271.0 1
461.17 271.33 1
463.33 271.67 1
465.5 272.0 1
468.5 273.17 1
471.5 274.33 1
474.5 275.5 1
477.0 275.67 1
479.5 275.83 1
482.0 276.0 1
484.0 276.33 1
486.0 276.67 1
488.0 277.0 1
490.17 277.17 1
492.33 277.33 1
494.5 277.5 1
496.33 277.83 1
498.17 278.17 1
500.0 278.5 1
502.33 279.0 1
504.67 279.5 1
507.0 280.0 1
508.67 280.17 1
510.33 280.33 1
512.0 280.5 1
515.0 282.17 1
518.0 283.83 1
521.0 285.5 1
521.83 285.83 1
522.67 286.17 1
523.5 286.5 1
524.33 286.17 1
525.17 285.83 1
526.0 285.5 1
527.0 285.5 1
528.0 285.5 1
529.0 285.5 1
529.83 285.33 1
530.67 285.17 1
531.5 285.0 1
532.17 284.67 1
532.83 284.33 1
533.5 284.0 1
534.17 284.0 1
534.83 284.0 1
535.5 284.0 1
535.83 283.67 1
536.17 283.33 1
536.5 283.0 1
536.67 282.67 1
536.83 282.33 1
537.0 282.0 1
537.17 281.5 1
537.33 281.0 1
537.5 280.5 1
537.33 280.83 1
537.17 281.17 1
537.0 281.5 1
537.17 281.67 1
537.33 281.83 1
537.5 282.0 1
537.5 281.5 1
537.5 281.0 1
537.5 280.5 1
537.33 280.83 1
537.17 281.17 1
537.0 281.5 1
536.83 281.67 1
536.67 281.83 1
536.5 282.0 1
536.33 281.83 1
536.17 281.67 1
536.0 281.5 1
535.83 281.17 1
535.67 280.83 1
535.5 280.5 1
535.17 280.33 1
534.83 280.17 1
534.5 280.0 1
534.67 279.5 1
534.83 279.0 1
535.0 278.5 1
534.83 277.67 1
534.67 276.83 1
534.5 276.0 1
534.33 274.67 1
534.17 273.33 1
534.0 272.0 1
534.17 270.67 1
534.33 269.33 1
534.5 268.0 1
535.67 263.83 1
536.83 259.67 1
538.0 255.5 1
538.0 253.67 1
538.0 251.83 1
538.0 250.0 1
538.17 248.5 1
538.33 247.0 1
538.5 245.5 1
538.5 244.5 1
538.5 243.5 1
538.5 242.5 1
538.5 241.5 1
538.5 240.5 1
538.5 239.5 1
538.33 238.67 1
538.17 237.83 1
538.0 237.0 1
537.83 236.67 1
537.67 236.33 1
537.5 236.0 1
537.5 235.67 1
537.5 235.33 1
537.5 235.0 1
537.17 234.83 1
536.83 234.67 1
536.5 234.5 1
536.0 234.33 1
535.5 234.17 1
535.0 234.0 1
534.5 234.0 1
534.0 234.0 1
533.5 234.0 1
532.5 233.67 1
531.5 233.33 1
530.5 233.0 1
529.33 232.83 1
528.17 232.67 1
527.0 232.5 1
525.83 232.33 1
524.67 232.17 1
523.5 232.0 1
522.33 231.83 1
521.17 231.67 1
520.0 231.5 1
518.33 231.5 1
516.67 231.5 1
515.0 231.5 1
512.83 231.17 1
510.67 230.83 1
508.5 230.5 1
506.33 230.17 1
504.17 229.83 1
502.0 229.5 1
499.67 229.5 1
497.33 229.5 1
495.0 229.5 1
493.0 229.33 1
491.0 229.17 1
489.0 229.0 1
487.0 229.0 1
485.0 229.0 1
483.0 229.0 1
480.67 228.67 1
478.33 228.33 1
476.0 228.0 1
472.83 228.0 1
469.67 228.0 1
466.5 228.0 1
463.5 227.83 1
460.5 227.67 1
457.5 227.5 1
454.67 227.33 1
451.83 227.17 1
449.0 227.0 1
446.0 227.0 1
443.0 227.0 1
440.0 227.0 1
437.17 226.83 1
434.33 226.67 1
431.5 226.5 1
429.17 226.83 1
426.83 227.17 1
424.5 227.5 1
422.17 227.33 1
419.83 227.17 1
417.5 227.0 1
414.83 227.5 1
412.17 228.0 1
409.5 228.5 1
407.5 228.33 1
405.5 228.17 1
403.5 228.0 1
401.83 228.0 1
400.17 228.0 1
398.5 228.0 1
396.83 228.5 1
395.17 229.0 1
393.5 229.5 1
392.0 229.33 1
390.5 229.17 1
389.0 229.0 1
387.83 228.67 1
386.67 228.33 1
385.5 228.0 1
383.17 227.5 1
380.83 227.0 1
378.5 226.5 1
371.17 220.33 0
363.83 214.17 0
356.5 208.0 0
348.5 205.0 0
340.5 202.0 0
332.5 199.0 0
329.33 201.83 0
326.17 204.67 0
323.0 207.5 0
337.17 203.83 0
351.33 200.17 0
365.5 196.5 0
362.0 205.33 0
358.5 214.17 0
355.0 223.0 0
355.33 221.83 1
355.67 220.67 1
356.0 219.5 1
355.83 219.0 1
355.67 218.5 1
355.5 218.0 1
355.17 218.5 1
354.83 219.0 1
354.5 219.5 1
356.33 220.33 1
358.17 221.17 1
360.0 222.0 1
360.33 222.17 1
360.67 222.33 1
361.0 222.5 1
361.5 225.0 1
362.0 227.5 1
362.5 230.0 1
362.67 230.5 1
362.83 231.0 1
363.0 231.5 1
363.33 231.67 1
363.67 231.83 1
364.0 232.0 1
364.0 231.83 1
364.0 231.67 1
364.0 231.5 1
364.17 231.67 1
364.33 231.83 1
364.5 232.0 1
364.0 231.5 1
363.5 231.0 1
363.0 230.5 1
363.0 229.67 1
363.0 228.83 1
363.0 228.0 1
363.5 227.5 1
364.0 227.0 1
364.5 226.5 1
364.33 225.0 1
364.17 223.5 1
364.0 222.0 1
361.83 218.83 1
359.67 215.67 1
357.5 212.5 1
357.67 211.17 1
357.83 209.83 1
358.0 208.5 1
358.17 207.5 1
358.33 206.5 1
358.5 205.5 1
358.67 204.67 1
358.83 203.83 1
359.0 203.0 1
359.17 202.33 1
359.33 201.67 1
359.5 201.0 1
358.67 200.33 1
357.83 199.67 1
357.0 199.0 1
348.5 205.0 0
340.0 211.0 0
331.5 217.0 0
329.0 210.67 0
326.5 204.33 0
324.0 198.0 0
317.83 194.67 0
311.67 191.33 0
305.5 188.0 0
307.67 183.33 0
309.83 178.67 0
312.0 174.0 0
327.33 178.5 0
342.67 183.0 0
358.0 187.5 0
360.33 188.33 0
362.67 189.17 1
365.0 190.0 1
366.33 191.0 1
367.67 192.0 1
369.0 193.0 1
370.67 192.67 1
372.33 192.33 1
374.0 192.0 1
375.33 192.5 1
376.67 193.0 1
378.0 193.5 1
379.5 193.83 1
381.0 194.17 1
382.5 194.5 1
384.0 195.0 1
385.5 195.5 1
387.0 196.0 1
388.67 196.83 1
390.33 197.67 1
392.0 198.5 1
393.67 198.67 1
395.33 198.83 1
397.0 199.0 1
399.17 199.5 1
401.33 200.0 1
403.5 200.5 1
406.83 200.33 1
410.17 200.17 1
413.5 200.0 1
415.83 200.17 1
418.17 200.33 1
420.5 200.5 1
423.17 201.0 1
425.83 201.5 1
428.5 202.0 1
431.0 202.33 1
433.5 202.67 1
436.0 203.0 1
438.5 203.5 1
441.0 204.0 1
443.5 204.5 1
445.67 204.83 1
447.83 205.17 1
450.0 205.5 1
452.5 206.0 1
455.0 206.5 1
457.5 207.0 1
459.83 207.83 1
462.17 208.67 1
464.5 209.5 1
466.83 210.17 1
469.17 210.83 1
471.5 211.5 1
473.67 211.5 1
475.83 211.5 1
478.0 211.5 1
480.0 211.83 1
482.0 212.17 1
484.0 212.5 1
486.33 213.0 1
488.67 213.5 1
491.0 214.0 1
492.67 214.17 1
494.33 214.33 1
496.0 214.5 1
497.5 215.0 1
499.0 215.5 1
500.5 216.0 1
502.17 216.5 1
503.83 217.0 1
505.5 217.5 1
507.17 217.67 1
508.83 217.83 1
510.5 218.0 1
512.0 218.5 1
513.5 219.0 1
515.0 219.5 1
516.17 219.83 1
517.33 220.17 1
518.5 220.5 1
519.5 221.0 1
520.5 221.5 1
521.5 222.0 1
522.67 222.67 1
523.83 223.33 1
525.0 224.0 1
526.17 224.33 1
527.33 224.67 1
528.5 225.0 1
529.17 225.17 1
529.83 225.33 1
530.5 225.5 1
531.17 225.5 1
531.83 225.5 1
532.5 225.5 1
533.0 225.5 1
533.5 225.5 1
534.0 225.5 1
534.5 225.5 1
535.0 225.5 1
535.5 225.5 1
535.83 225.33 1
536.17 225.17 1
536.5 225.0 1
536.83 225.0 1
537.17 225.0 1
537.5 225.0 1
537.5 225.0 1
537.5 225.0 1
537.5 225.0 1
537.5 224.83 1
537.5 224.67 1
537.5 224.5 1
537.83 224.33 1
538.17 224.17 1
538.5 224.0 1
538.33 224.0 1
538.17 224.0 1
538.0 224.0 1
538.0 223.67 1
538.0 223.33 1
538.0 223.0 1
537.5 222.67 1
537.0 222.33 1
536.5 222.0 1
536.33 221.33 1
536.17 220.67 1
536.0 220.0 1
535.5 219.17 1
535.0 218.33 1
534.5 217.5 1
533.83 216.33 1
533.17 215.17 1
532.5 214.0 1
532.17 212.67 1
531.83 211.33 1
531.5 210.0 1
531.0 209.0 1
530.5 208.0 1
530.0 207.0 1
530.33 204.17 1
530.67 201.33 1
531.0 198.5 1
530.5 196.33 1
530.0 194.17 1
529.5 192.0 1
529.5 191.17 1
529.5 190.33 1
529.5 189.5 1
529.0 188.83 1
528.5 188.17 1
528.0 187.5 1
527.83 187.0 1
527.67 186.5 1
527.5 186.0 1
526.83 185.83 1
526.17 185.67 1
525.5 185.5 1
525.33 185.33 1
525.17 185.17 1
525.0 185.0 1
524.33 185.17 1
523.67 185.33 1
523.0 185.5 1
521.67 185.67 1
520.33 185.83 1
519.0 186.0 1
518.17 185.83 1
517.33 185.67 1
516.5 185.5 1
515.33 185.5 1
514.17 185.5 1
513.0 185.5 1
512.0 185.5 1
511.0 185.5 1
510.0 185.5 1
508.83 185.33 1
507.67 185.17 1
506.5 185.0 1
505.17 185.17 1
503.83 185.33 1
502.5 185.5 1
500.67 185.17 1
498.83 184.83 1
497.0 184.5 1
495.33 184.5 1
493.67 184.5 1
492.0 184.5 1
490.0 184.17 1
488.0 183.83 1
486.0 183.5 1
483.83 183.17 1
481.67 182.83 1
479.5 182.5 1
476.67 182.67 1
473.83 182.83 1
471.0 183.0 1
468.83 182.83 1
466.67 182.67 1
464.5 182.5 1
462.67 182.5 1
460.83 182.5 1
459.0 182.5 1
456.0 182.33 1
453.0 182.17 1
450.0 182.0 1
447.67 181.83 1
445.33 181.67 1
443.0 181.5 1
440.5 181.5 1
438.0 181.5 1
435.5 181.5 1
433.33 181.5 1
431.17 181.5 1
429.0 181.5 1
426.33 181.5 1
423.67 181.5 1
421.0 181.5 1
418.83 181.5 1
416.67 181.5 1
414.5 181.5 1
412.83 181.5 1
411.17 181.5 1
409.5 181.5 1
407.5 181.67 1
405.5 181.83 1
403.5 182.0 1
401.67 182.17 1
399.83 182.33 1
398.0 182.5 1
396.5 182.5 1
395.0 182.5 1
393.5 182.5 1
392.17 182.5 1
390.83 182.5 1
389.5 182.5 1
388.67 182.5 1
387.83 182.5 1
387.0 182.5 1
384.17 182.5 1
381.33 182.5 1
378.5 182.5 1
377.83 182.17 1
377.17 181.83 1
376.5 181.5 1
374.67 181.67 1
372.83 181.83 1
371.0 182.0 1
370.67 182.67 1
370.33 183.33 1
370.0 184.0 1
367.33 183.67 1
364.67 183.33 1
362.0 183.0 1
360.33 183.0 1
358.67 183.0 1
357.0 183.0 1
358.33 182.83 1
359.67 182.67 1
361.0 182.5 1
360.17 184.17 1
359.33 185.83 1
358.5 187.5 1
357.83 187.33 1
357.17 187.17 1
356.5 187.0 1
354.5 187.83 1
352.5 188.67 1
350.5 189.5 1
349.67 189.67 1
348.83 189.83 1
348.0 190.0 1
347.33 190.33 1
346.67 190.67 1
346.0 191.0 1
345.67 191.0 1
345.33 191.0 1
345.0 191.0 1
344.83 191.17 1
344.67 191.33 1
344.5 191.5 1
344.33 191.67 1
344.17 191.83 1
344.0 192.0 1
343.83 191.83 1
343.67 191.67 1
343.5 191.5 1
343.5 191.83 1
343.5 192.17 1
343.5 192.5 1
343.5 192.0 1
343.5 191.5 1
343.5 191.0 1
343.5 191.17 1
343.5 191.33 1
343.5 191.5 1
343.83 191.33 1
344.17 191.17 1
344.5 191.0 1
344.83 190.5 1
345.17 190.0 1
345.5 189.5 1
345.67 189.17 1
345.83 188.83 1
346.0 188.5 1
346.17 187.5 1
346.33 186.5 1
346.5 185.5 1
346.67 184.83 1
346.83 184.17 1
347.0 183.5 1
347.0 182.0 1
347.0 180.5 1
347.0 179.0 1
347.83 177.83 1
348.67 176.67 1
349.5 175.5 1
350.0 174.33 1
350.5 173.17 1
351.0 172.0 1
351.83 171.0 1
352.67 170.0 1
353.5 169.0 1
354.17 168.0 1
354.83 167.0 1
355.5 166.0 1
355.83 165.0 1
356.17 164.0 1
356.5 163.0 1
357.0 162.83 1
357.5 162.67 1
358.0 162.5 1
358.33 161.83 1
358.67 161.17 1
359.0 160.5 1
359.17 160.17 1
359.33 159.83 1
359.5 159.5 1
359.83 159.33 1
360.17 159.17 1
360.5 159.0 1
361.0 159.0 1
361.5 159.0 1
362.0 159.0 1
362.33 159.17 1
362.67 159.33 1
363.0 159.5 1
363.5 159.67 1
364.0 159.83 1
364.5 160.0 1
365.0 160.0 1
365.5 160.0 1
366.0 160.0 1
367.17 159.83 1
368.33 159.67 1
369.5 159.5 1
370.33 159.67 1
371.17 159.83 1
372.0 160.0 1
374.5 160.5 1
377.0 161.0 1
379.5 161.5 1
381.17 161.33 1
382.83 161.17 1
384.5 161.0 1
383.5 159.83 1
382.5 158.67 1
381.5 157.5 1
383.17 158.17 1
384.83 158.83 1
386.5 159.5 1
388.83 160.17 1
391.17 160.83 1
393.5 161.5 1
394.67 161.83 1
395.83 162.17 1
397.0 162.5 1
398.33 162.67 1
399.67 162.83 1
401.0 163.0 1
402.33 163.33 1
403.67 163.67 1
405.0 164.0 1
406.5 164.33 1
408.0 164.67 1
409.5 165.0 1
410.83 165.17 1
412.17 165.33 1
413.5 165.5 1
414.83 165.5 1
416.17 165.5 1
417.5 165.5 1
418.83 165.67 1
420.17 165.83 1
421.5 166.0 1
422.83 166.0 1
424.17 166.0 1
425.5 166.0 1
427.17 166.17 1
428.83 166.33 1
430.5 166.5 1
432.5 166.33 1
434.5 166.17 1
436.5 166.0 1
438.33 165.83 1
440.17 165.67 1
442.0 165.5 1
443.5 165.33 1
445.0 165.17 1
446.5 165.0 1
448.17 165.0 1
449.83 165.0 1
451.5 165.0 1
453.0 165.0 1
454.5 165.0 1
456.0 165.0 1
457.67 165.0 1
459.33 165.0 1
461.0 165.0 1
463.17 165.5 1
465.33 166.0 1
467.5 166.5 1
469.0 166.5 1
470.5 166.5 1
472.0 166.5 1
473.5 166.5 1
475.0 166.5 1
476.5 166.5 1
477.83 166.5 1
479.17 166.5 1
480.5 166.5 1
481.83 166.83 1
483.17 167.17 1
484.5 167.5 1
485.83 167.67 1
487.17 167.83 1
488.5 168.0 1
490.0 168.17 1
491.5 168.33 1
493.0 168.5 1
496.83 168.83 1
500.67 169.17 1
504.5 169.5 1
506.5 169.67 1
508.5 169.83 1
510.5 170.0 1
511.67 170.33 1
512.83 170.67 1
514.0 171.0 1
515.0 171.17 1
516.0 171.33 1
517.0 171.5 1
517.5 171.5 1
518.0 171.5 1
518.5 171.5 1
519.33 171.67 1
520.17 171.83 1
521.0 172.0 1
521.33 172.17 1
521.67 172.33 1
522.0 172.5 1
522.5 172.67 1
523.0 172.83 1
523.5 173.0 1
523.83 173.17 1
524.17 173.33 1
524.5 173.5 1
524.33 173.67 1
524.17 173.83 1
524.0 174.0 1
522.33 173.83 1
520.67 173.67 1
519.0 173.5 1
519.33 173.67 1
519.67 173.83 1
520.0 174.0 1
519.83 174.5 1
519.67 175.0 1
519.5 175.5 1
519.67 175.33 1
519.83 175.17 1
520.0 175.0 1
520.17 175.5 1
520.33 176.0 1
520.5 176.5 1
520.33 176.5 1
520.17 176.5 1
520.0 176.5 1
519.83 176.17 1
519.67 175.83 1
519.5 175.5 1
519.5 175.33 1
519.5 175.17 1
519.5 175.0 1
519.5 174.83 1
519.5 174.67 1
519.5 174.5 1
519.0 172.17 1
518.5 169.83 1
518.0 167.5 1
517.17 165.33 1
516.33 163.17 1
515.5 161.0 1
515.17 160.17 1
514.83 159.33 1
514.5 158.5 1
514.17 157.33 1
513.83 156.17 1
513.5 155.0 1
513.0 153.83 1
512.5 152.67 1
512.0 151.5 1
511.33 150.83 1
510.67 150.17 1
510.0 149.5 1
509.67 149.33 1
509.33 149.17 1
509.0 149.0 1
508.67 148.83 1
508.33 148.67 1
508.0 148.5 1
507.0 148.33 1
506.0 148.17 1
505.0 148.0 1
504.17 148.17 1
503.33 148.33 1
502.5 148.5 1
501.67 148.67 1
500.83 148.83 1
500.0 149.0 1
498.5 148.5 1
497.0 148.0 1
495.5 147.5 1
494.17 147.0 1
492.83 146.5 1
491.5 146.0 1
488.67 146.0 1
485.83 146.0 1
483.0 146.0 1
480.83 145.33 1
478.67 144.67 1
476.5 144.0 1
474.5 143.67 1
472.5 143.33 1
470.5 143.0 1
468.83 142.67 1
467.17 142.33 1
465.5 142.0 1
463.17 141.67 1
460.83 141.33 1
458.5 141.0 1
456.5 140.33 1
454.5 139.67 1
452.5 139.0 1
450.33 139.33 1
448.17 139.67 1
446.0 140.0 1
443.83 140.33 1
441.67 140.67 1
439.5 141.0 1
437.0 140.83 1
434.5 140.67 1
432.0 140.5 1
430.17 140.67 1
428.33 140.83 1
426.5 141.0 1
424.17 141.33 1
421.83 141.67 1
419.5 142.0 1
417.67 142.17 1
415.83 142.33 1
414.0 142.5 1
412.83 142.67 1
411.67 142.83 1
410.5 143.0 1
408.17 143.5 1
405.83 144.0 1
403.5 144.5 1
401.83 144.5 1
400.17 144.5 1
398.5 144.5 1
395.83 144.5 1
393.17 144.5 1
390.5 144.5 1
390.0 145.33 1
389.5 146.17 1
389.0 147.0 1
387.83 147.33 1
386.67 147.67 1
385.5 148.0 1
385.0 148.33 1
384.5 148.67 1
384.0 149.0 1
382.33 149.0 1
380.67 149.0 1
379.0 149.0 1
377.83 149.17 1
376.67 149.33 1
375.5 149.5 1
374.67 149.83 1
373.83 150.17 1
373.0 150.5 1
377.0 151.17 1
381.0 151.83 1
385.0 152.5 1
379.33 151.0 1
373.67 149.5 1
368.0 148.0 1
367.5 149.67 1
367.0 151.33 1
366.5 153.0 1
366.17 153.67 1
365.83 154.33 1
365.5 155.0 1
365.0 155.17 1
364.5 155.33 1
364.0 155.5 1
363.83 156.0 1
363.67 156.5 1
363.5 157.0 1
363.0 157.0 1
