281.53846153846155 251.53846153846155
281.53846153846155 251.53846153846155
281.53846153846155 251.53846153846155
281.53846153846155 251.53846153846155
280.0 266.53846153846155
280.0 266.53846153846155
280.0 266.53846153846155
280.0 266.53846153846155
280.0 266.53846153846155
280.0 266.53846153846155
280.0 266.53846153846155
280.0 266.53846153846155
280.0 263.0769230769231
280.0 263.0769230769231
281.53846153846155 259.61538461538464
275.38461538461536 228.46153846153845
255.3846153846154 178.84615384615384
258.46153846153845 166.15384615384616
255.3846153846154 166.15384615384616
255.3846153846154 166.15384615384616
253.84615384615384 167.30769230769232
253.84615384615384 167.30769230769232
253.84615384615384 167.30769230769232
253.84615384615384 167.30769230769232
253.84615384615384 167.30769230769232
286.15384615384613 323.0769230769231
292.3076923076923 256.15384615384613
278.46153846153845 263.0769230769231
278.46153846153845 263.0769230769231
278.46153846153845 263.0769230769231
278.46153846153845 263.0769230769231
280.0 267.6923076923077
280.0 267.6923076923077
280.0 267.6923076923077
283.0769230769231 268.84615384615387
283.0769230769231 268.84615384615387
283.0769230769231 268.84615384615387
283.0769230769231 268.84615384615387
283.0769230769231 268.84615384615387
283.0769230769231 268.84615384615387
283.0769230769231 268.84615384615387
283.0769230769231 268.84615384615387
283.0769230769231 268.84615384615387
283.0769230769231 268.84615384615387
283.0769230769231 268.84615384615387
283.0769230769231 268.84615384615387
283.0769230769231 267.6923076923077
283.0769230769231 267.6923076923077
283.0769230769231 259.61538461538464
283.0769230769231 259.61538461538464
283.0769230769231 259.61538461538464
283.0769230769231 259.61538461538464
283.0769230769231 259.61538461538464
283.0769230769231 259.61538461538464
283.0769230769231 259.61538461538464
284.61538461538464 263.0769230769231
284.61538461538464 263.0769230769231
284.61538461538464 263.0769230769231
283.0769230769231 256.15384615384613
283.0769230769231 256.15384615384613
283.0769230769231 256.15384615384613
283.0769230769231 256.15384615384613
283.0769230769231 258.46153846153845
283.0769230769231 258.46153846153845
283.0769230769231 260.7692307692308
283.0769230769231 260.7692307692308
283.0769230769231 260.7692307692308
283.0769230769231 260.7692307692308
284.61538461538464 263.0769230769231
284.61538461538464 264.2307692307692
284.61538461538464 264.2307692307692
284.61538461538464 264.2307692307692
284.61538461538464 264.2307692307692
284.61538461538464 264.2307692307692
284.61538461538464 264.2307692307692
283.0769230769231 257.3076923076923
283.0769230769231 257.3076923076923
283.0769230769231 257.3076923076923
287.6923076923077 256.15384615384613
287.6923076923077 256.15384615384613
295.38461538461536 256.15384615384613
295.38461538461536 256.15384615384613
295.38461538461536 256.15384615384613
295.38461538461536 256.15384615384613
295.38461538461536 256.15384615384613
295.38461538461536 256.15384615384613
286.15384615384613 263.0769230769231
286.15384615384613 263.0769230769231
286.15384615384613 263.0769230769231
286.15384615384613 263.0769230769231
286.15384615384613 263.0769230769231
286.15384615384613 263.0769230769231
286.15384615384613 258.46153846153845
286.15384615384613 258.46153846153845
286.15384615384613 258.46153846153845
280.0 258.46153846153845
280.0 258.46153846153845
280.0 259.61538461538464
283.0769230769231 263.0769230769231
283.0769230769231 263.0769230769231
283.0769230769231 263.0769230769231
283.0769230769231 263.0769230769231
283.0769230769231 263.0769230769231
283.0769230769231 263.0769230769231
283.0769230769231 263.0769230769231
283.0769230769231 263.0769230769231
283.0769230769231 263.0769230769231
283.0769230769231 263.0769230769231
283.0769230769231 263.0769230769231
283.0769230769231 263.0769230769231
283.0769230769231 263.0769230769231
283.0769230769231 263.0769230769231
283.0769230769231 263.0769230769231
283.0769230769231 263.0769230769231
283.0769230769231 263.0769230769231
283.0769230769231 263.0769230769231
283.0769230769231 263.0769230769231
283.0769230769231 263.0769230769231
283.0769230769231 263.0769230769231
283.0769230769231 263.0769230769231
283.0769230769231 263.0769230769231
283.0769230769231 263.0769230769231
283.0769230769231 263.0769230769231
283.0769230769231 263.0769230769231
283.0769230769231 263.0769230769231
283.0769230769231 263.0769230769231
283.0769230769231 263.0769230769231
283.0769230769231 263.0769230769231
283.0769230769231 263.0769230769231
283.0769230769231 263.0769230769231
283.0769230769231 263.0769230769231
283.0769230769231 263.0769230769231
283.0769230769231 263.0769230769231
283.0769230769231 263.0769230769231
283.0769230769231 263.0769230769231
283.0769230769231 263.0769230769231
283.0769230769231 263.0769230769231
283.0769230769231 263.0769230769231
283.0769230769231 263.0769230769231
283.0769230769231 263.0769230769231
283.0769230769231 263.0769230769231
283.0769230769231 263.0769230769231
283.0769230769231 263.0769230769231
283.0769230769231 263.0769230769231
283.0769230769231 263.0769230769231
283.0769230769231 263.0769230769231
283.0769230769231 263.0769230769231
283.0769230769231 263.0769230769231
283.0769230769231 263.0769230769231
283.0769230769231 263.0769230769231
283.0769230769231 263.0769230769231
283.0769230769231 263.0769230769231
283.0769230769231 263.0769230769231
283.0769230769231 263.0769230769231
283.0769230769231 263.0769230769231
283.0769230769231 260.7692307692308
275.38461538461536 259.61538461538464
275.38461538461536 259.61538461538464
278.46153846153845 259.61538461538464
278.46153846153845 259.61538461538464
280.0 260.7692307692308
280.0 260.7692307692308
280.0 260.7692307692308
280.0 260.7692307692308
280.0 260.7692307692308
280.0 260.7692307692308
280.0 260.7692307692308
280.0 260.7692307692308
280.0 260.7692307692308
280.0 260.7692307692308
280.0 260.7692307692308
280.0 260.7692307692308
280.0 260.7692307692308
280.0 260.7692307692308
280.0 260.7692307692308
280.0 260.7692307692308
280.0 260.7692307692308
280.0 260.7692307692308
280.0 260.7692307692308
280.0 260.7692307692308
280.0 260.7692307692308
280.0 260.7692307692308
280.0 260.7692307692308
280.0 260.7692307692308
280.0 260.7692307692308
280.0 260.7692307692308
315.38461538461536 251.53846153846155
395.38461538461536 228.46153846153845
432.3076923076923 237.69230769230768
463.0769230769231 253.84615384615384
472.3076923076923 253.84615384615384
472.3076923076923 253.84615384615384
472.3076923076923 253.84615384615384
472.3076923076923 253.84615384615384
472.3076923076923 253.84615384615384
472.3076923076923 253.84615384615384
472.3076923076923 253.84615384615384
495.38461538461536 248.07692307692307
495.38461538461536 248.07692307692307
495.38461538461536 248.07692307692307
504.61538461538464 257.3076923076923
504.61538461538464 257.3076923076923
504.61538461538464 257.3076923076923
504.61538461538464 257.3076923076923
504.61538461538464 257.3076923076923
504.61538461538464 257.3076923076923
504.61538461538464 257.3076923076923
504.61538461538464 257.3076923076923
504.61538461538464 257.3076923076923
504.61538461538464 257.3076923076923
504.61538461538464 257.3076923076923
504.61538461538464 257.3076923076923
504.61538461538464 257.3076923076923
500.0 257.3076923076923
500.0 257.3076923076923
500.0 257.3076923076923
500.0 250.3846153846154
504.61538461538464 245.76923076923077
504.61538461538464 245.76923076923077
504.61538461538464 245.76923076923077
504.61538461538464 245.76923076923077
504.61538461538464 245.76923076923077
504.61538461538464 245.76923076923077
504.61538461538464 245.76923076923077
487.6923076923077 248.07692307692307
387.6923076923077 244.6153846153846
306.15384615384613 245.76923076923077
252.30769230769232 264.2307692307692
215.3846153846154 278.0769230769231
213.84615384615384 272.3076923076923
172.30769230769232 289.61538461538464
172.30769230769232 300.0
172.30769230769232 300.0
166.15384615384616 302.3076923076923
136.92307692307693 317.3076923076923
123.07692307692308 332.3076923076923
123.07692307692308 323.0769230769231
123.07692307692308 323.0769230769231
116.92307692307692 330.0
364.61538461538464 348.46153846153845
363.0769230769231 363.46153846153845
116.92307692307692 330.0
116.92307692307692 330.0
116.92307692307692 330.0
110.76923076923077 333.46153846153845
110.76923076923077 333.46153846153845
110.76923076923077 333.46153846153845
110.76923076923077 333.46153846153845
110.76923076923077 333.46153846153845
110.76923076923077 333.46153846153845
110.76923076923077 333.46153846153845
110.76923076923077 333.46153846153845
110.76923076923077 333.46153846153845
110.76923076923077 333.46153846153845
110.76923076923077 333.46153846153845
110.76923076923077 333.46153846153845
110.76923076923077 333.46153846153845
110.76923076923077 333.46153846153845
110.76923076923077 333.46153846153845
110.76923076923077 333.46153846153845
110.76923076923077 333.46153846153845
110.76923076923077 333.46153846153845
110.76923076923077 333.46153846153845
107.6923076923077 319.61538461538464
146.15384615384616 308.0769230769231
229.23076923076923 282.6923076923077
284.61538461538464 267.6923076923077
284.61538461538464 267.6923076923077
284.61538461538464 267.6923076923077
276.9230769230769 265.38461538461536
276.9230769230769 265.38461538461536
276.9230769230769 265.38461538461536
278.46153846153845 266.53846153846155
327.6923076923077 256.15384615384613
347.6923076923077 260.7692307692308
403.0769230769231 257.3076923076923
452.3076923076923 271.15384615384613
475.38461538461536 278.0769230769231
504.61538461538464 285.0
507.6923076923077 288.46153846153845
507.6923076923077 288.46153846153845
504.61538461538464 288.46153846153845
504.61538461538464 288.46153846153845
504.61538461538464 288.46153846153845
504.61538461538464 288.46153846153845
504.61538461538464 288.46153846153845
510.7692307692308 289.61538461538464
512.3076923076923 290.7692307692308
512.3076923076923 290.7692307692308
512.3076923076923 290.7692307692308
512.3076923076923 290.7692307692308
512.3076923076923 290.7692307692308
512.3076923076923 290.7692307692308
512.3076923076923 290.7692307692308
512.3076923076923 290.7692307692308
512.3076923076923 290.7692307692308
512.3076923076923 290.7692307692308
512.3076923076923 290.7692307692308
512.3076923076923 290.7692307692308
512.3076923076923 290.7692307692308
512.3076923076923 290.7692307692308
512.3076923076923 290.7692307692308
512.3076923076923 290.7692307692308
512.3076923076923 290.7692307692308
512.3076923076923 290.7692307692308
510.7692307692308 278.0769230769231
509.2307692307692 271.15384615384613
503.0769230769231 245.76923076923077
503.0769230769231 223.84615384615384
503.0769230769231 223.84615384615384
503.0769230769231 227.30769230769232
472.3076923076923 242.30769230769232
370.7692307692308 251.53846153846155
300.0 286.15384615384613
250.76923076923077 323.0769230769231
230.76923076923077 323.0769230769231
224.6153846153846 319.61538461538464
224.6153846153846 319.61538461538464
220.0 313.84615384615387
192.30769230769232 331.15384615384613
149.23076923076923 349.61538461538464
123.07692307692308 360.0
123.07692307692308 360.0
123.07692307692308 355.38461538461536
123.07692307692308 355.38461538461536
123.07692307692308 355.38461538461536
123.07692307692308 355.38461538461536
113.84615384615384 357.6923076923077
118.46153846153847 356.53846153846155
118.46153846153847 356.53846153846155
118.46153846153847 356.53846153846155
118.46153846153847 356.53846153846155
118.46153846153847 356.53846153846155
118.46153846153847 356.53846153846155
118.46153846153847 356.53846153846155
113.84615384615384 341.53846153846155
113.84615384615384 341.53846153846155
113.84615384615384 341.53846153846155
113.84615384615384 341.53846153846155
116.92307692307692 335.7692307692308
116.92307692307692 335.7692307692308
116.92307692307692 335.7692307692308
116.92307692307692 335.7692307692308
116.92307692307692 335.7692307692308
116.92307692307692 335.7692307692308
116.92307692307692 333.46153846153845
126.15384615384616 328.84615384615387
126.15384615384616 328.84615384615387
126.15384615384616 328.84615384615387
120.0 324.2307692307692
156.92307692307693 313.84615384615387
240.0 290.7692307692308
261.53846153846155 281.53846153846155
261.53846153846155 281.53846153846155
261.53846153846155 281.53846153846155
255.3846153846154 275.7692307692308
280.0 240.0
280.0 240.0
280.0 238.84615384615384
280.0 238.84615384615384
278.46153846153845 237.69230769230768
278.46153846153845 189.23076923076923
287.6923076923077 146.53846153846155
290.7692307692308 126.92307692307692
290.7692307692308 123.46153846153847
290.7692307692308 123.46153846153847
283.0769230769231 123.46153846153847
283.0769230769231 123.46153846153847
283.0769230769231 123.46153846153847
283.0769230769231 123.46153846153847
283.0769230769231 123.46153846153847
283.0769230769231 123.46153846153847
283.0769230769231 123.46153846153847
266.15384615384613 122.3076923076923
266.15384615384613 122.3076923076923
266.15384615384613 122.3076923076923
266.15384615384613 122.3076923076923
341.53846153846155 259.61538461538464
375.38461538461536 278.0769230769231
255.3846153846154 115.38461538461539
258.46153846153845 111.92307692307692
258.46153846153845 111.92307692307692
263.0769230769231 114.23076923076923
263.0769230769231 114.23076923076923
263.0769230769231 114.23076923076923
263.0769230769231 114.23076923076923
263.0769230769231 114.23076923076923
263.0769230769231 114.23076923076923
263.0769230769231 114.23076923076923
263.0769230769231 114.23076923076923
263.0769230769231 114.23076923076923
249.23076923076923 114.23076923076923
247.69230769230768 122.3076923076923
244.6153846153846 124.61538461538461
255.3846153846154 146.53846153846155
266.15384615384613 212.30769230769232
283.0769230769231 278.0769230769231
300.0 332.3076923076923
312.3076923076923 362.3076923076923
307.6923076923077 375.0
313.84615384615387 398.0769230769231
310.7692307692308 402.6923076923077
306.15384615384613 398.0769230769231
303.0769230769231 398.0769230769231
306.15384615384613 417.6923076923077
306.15384615384613 450.0
298.46153846153845 446.53846153846155
298.46153846153845 446.53846153846155
298.46153846153845 446.53846153846155
298.46153846153845 446.53846153846155
298.46153846153845 446.53846153846155
298.46153846153845 446.53846153846155
298.46153846153845 446.53846153846155
298.46153846153845 446.53846153846155
298.46153846153845 446.53846153846155
298.46153846153845 446.53846153846155
298.46153846153845 446.53846153846155
275.38461538461536 446.53846153846155
275.38461538461536 446.53846153846155
255.3846153846154 440.7692307692308
255.3846153846154 440.7692307692308
246.15384615384616 435.0
246.15384615384616 435.0
246.15384615384616 435.0
246.15384615384616 435.0
246.15384615384616 435.0
246.15384615384616 430.38461538461536
272.3076923076923 301.15384615384613
264.61538461538464 288.46153846153845
258.46153846153845 288.46153846153845
258.46153846153845 288.46153846153845
258.46153846153845 288.46153846153845
258.46153846153845 288.46153846153845
258.46153846153845 288.46153846153845
258.46153846153845 288.46153846153845
258.46153846153845 288.46153846153845
266.15384615384613 290.7692307692308
266.15384615384613 290.7692307692308
266.15384615384613 290.7692307692308
266.15384615384613 290.7692307692308
266.15384615384613 290.7692307692308
266.15384615384613 290.7692307692308
266.15384615384613 290.7692307692308
266.15384615384613 290.7692307692308
266.15384615384613 290.7692307692308
266.15384615384613 290.7692307692308
267.6923076923077 285.0
267.6923076923077 285.0
267.6923076923077 285.0
273.84615384615387 288.46153846153845
273.84615384615387 288.46153846153845
273.84615384615387 279.2307692307692
272.3076923076923 341.53846153846155
273.84615384615387 401.53846153846155
278.46153846153845 424.61538461538464
281.53846153846155 425.7692307692308
281.53846153846155 425.7692307692308
281.53846153846155 425.7692307692308
281.53846153846155 425.7692307692308
281.53846153846155 425.7692307692308
281.53846153846155 425.7692307692308
281.53846153846155 425.7692307692308
281.53846153846155 425.7692307692308
281.53846153846155 425.7692307692308
281.53846153846155 425.7692307692308
281.53846153846155 425.7692307692308
281.53846153846155 425.7692307692308
261.53846153846155 428.0769230769231
261.53846153846155 428.0769230769231
261.53846153846155 428.0769230769231
261.53846153846155 428.0769230769231
247.69230769230768 425.7692307692308
244.6153846153846 424.61538461538464
244.6153846153846 424.61538461538464
244.6153846153846 424.61538461538464
244.6153846153846 424.61538461538464
244.6153846153846 424.61538461538464
272.3076923076923 438.46153846153845
272.3076923076923 438.46153846153845
272.3076923076923 438.46153846153845
272.3076923076923 438.46153846153845
272.3076923076923 438.46153846153845
272.3076923076923 438.46153846153845
272.3076923076923 438.46153846153845
272.3076923076923 438.46153846153845
272.3076923076923 438.46153846153845
272.3076923076923 438.46153846153845
272.3076923076923 438.46153846153845
272.3076923076923 438.46153846153845
272.3076923076923 438.46153846153845
272.3076923076923 438.46153846153845
295.38461538461536 410.7692307692308
283.0769230769231 326.53846153846155
275.38461538461536 283.84615384615387
275.38461538461536 294.2307692307692
275.38461538461536 294.2307692307692
275.38461538461536 294.2307692307692
266.15384615384613 293.0769230769231
266.15384615384613 293.0769230769231
266.15384615384613 293.0769230769231
266.15384615384613 293.0769230769231
283.0769230769231 301.15384615384613
283.0769230769231 301.15384615384613
283.0769230769231 301.15384615384613
283.0769230769231 301.15384615384613
284.61538461538464 305.7692307692308
324.61538461538464 297.6923076923077
341.53846153846155 293.0769230769231
341.53846153846155 293.0769230769231
341.53846153846155 293.0769230769231
341.53846153846155 293.0769230769231
341.53846153846155 293.0769230769231
341.53846153846155 293.0769230769231
341.53846153846155 293.0769230769231
341.53846153846155 293.0769230769231
341.53846153846155 293.0769230769231
341.53846153846155 293.0769230769231
341.53846153846155 293.0769230769231
341.53846153846155 293.0769230769231
341.53846153846155 293.0769230769231
335.38461538461536 293.0769230769231
335.38461538461536 293.0769230769231
335.38461538461536 293.0769230769231
335.38461538461536 293.0769230769231
335.38461538461536 293.0769230769231
335.38461538461536 293.0769230769231
335.38461538461536 293.0769230769231
335.38461538461536 293.0769230769231
335.38461538461536 293.0769230769231
335.38461538461536 293.0769230769231
335.38461538461536 293.0769230769231
335.38461538461536 293.0769230769231
335.38461538461536 293.0769230769231
335.38461538461536 293.0769230769231
335.38461538461536 293.0769230769231
335.38461538461536 293.0769230769231
335.38461538461536 293.0769230769231
335.38461538461536 293.0769230769231
335.38461538461536 293.0769230769231
330.7692307692308 293.0769230769231
330.7692307692308 293.0769230769231
330.7692307692308 293.0769230769231
330.7692307692308 293.0769230769231
330.7692307692308 293.0769230769231
332.3076923076923 215.76923076923077
332.3076923076923 221.53846153846155
332.3076923076923 223.84615384615384
333.84615384615387 230.76923076923077
333.84615384615387 230.76923076923077
333.84615384615387 230.76923076923077
333.84615384615387 230.76923076923077
332.3076923076923 227.30769230769232
310.7692307692308 257.3076923076923
304.61538461538464 263.0769230769231
304.61538461538464 263.0769230769231
301.53846153846155 256.15384615384613
315.38461538461536 287.3076923076923
326.15384615384613 303.46153846153845
326.15384615384613 304.61538461538464
326.15384615384613 304.61538461538464
324.61538461538464 304.61538461538464
330.7692307692308 304.61538461538464
335.38461538461536 304.61538461538464
335.38461538461536 304.61538461538464
335.38461538461536 304.61538461538464
335.38461538461536 304.61538461538464
335.38461538461536 304.61538461538464
333.84615384615387 289.61538461538464
358.46153846153845 245.76923076923077
395.38461538461536 242.30769230769232
355.38461538461536 252.69230769230768
333.84615384615387 275.7692307692308
330.7692307692308 278.0769230769231
330.7692307692308 278.0769230769231
326.15384615384613 296.53846153846155
326.15384615384613 300.0
326.15384615384613 300.0
326.15384615384613 300.0
326.15384615384613 300.0
333.84615384615387 296.53846153846155
333.84615384615387 296.53846153846155
333.84615384615387 296.53846153846155
333.84615384615387 296.53846153846155
333.84615384615387 296.53846153846155
333.84615384615387 296.53846153846155
333.84615384615387 296.53846153846155
333.84615384615387 296.53846153846155
333.84615384615387 296.53846153846155
333.84615384615387 296.53846153846155
333.84615384615387 296.53846153846155
333.84615384615387 296.53846153846155
333.84615384615387 296.53846153846155
333.84615384615387 296.53846153846155
333.84615384615387 296.53846153846155
333.84615384615387 296.53846153846155
333.84615384615387 296.53846153846155
333.84615384615387 296.53846153846155
333.84615384615387 296.53846153846155
333.84615384615387 296.53846153846155
333.84615384615387 296.53846153846155
333.84615384615387 296.53846153846155
333.84615384615387 296.53846153846155
333.84615384615387 296.53846153846155
333.84615384615387 296.53846153846155
333.84615384615387 296.53846153846155
333.84615384615387 296.53846153846155
333.84615384615387 296.53846153846155
333.84615384615387 296.53846153846155
333.84615384615387 296.53846153846155
333.84615384615387 296.53846153846155
333.84615384615387 296.53846153846155
333.84615384615387 296.53846153846155
332.3076923076923 293.0769230769231
332.3076923076923 293.0769230769231
332.3076923076923 293.0769230769231
332.3076923076923 293.0769230769231
332.3076923076923 293.0769230769231
332.3076923076923 293.0769230769231
332.3076923076923 293.0769230769231
332.3076923076923 293.0769230769231
332.3076923076923 293.0769230769231
332.3076923076923 293.0769230769231
315.38461538461536 294.2307692307692
286.15384615384613 301.15384615384613
286.15384615384613 301.15384615384613
286.15384615384613 301.15384615384613
286.15384615384613 301.15384615384613
286.15384615384613 301.15384615384613
286.15384615384613 301.15384615384613
286.15384615384613 301.15384615384613
286.15384615384613 301.15384615384613
286.15384615384613 301.15384615384613
286.15384615384613 301.15384615384613
286.15384615384613 301.15384615384613
286.15384615384613 301.15384615384613
286.15384615384613 301.15384615384613
286.15384615384613 301.15384615384613
286.15384615384613 301.15384615384613
286.15384615384613 301.15384615384613
286.15384615384613 301.15384615384613
286.15384615384613 301.15384615384613
286.15384615384613 301.15384615384613
286.15384615384613 301.15384615384613
286.15384615384613 301.15384615384613
