281.53846153846155 251.53846153846158 1
281.53846153846155 251.53846153846158 1
281.53846153846155 251.53846153846158 1
281.53846153846155 251.53846153846158 1
280.0 266.53846153846155 1
280.0 266.53846153846155 1
280.0 266.53846153846155 1
280.0 266.53846153846155 1
280.0 266.53846153846155 1
280.0 266.53846153846155 1
280.0 266.53846153846155 1
280.0 266.53846153846155 1
280.0 263.0769230769231 1
280.0 263.0769230769231 1
281.53846153846155 259.61538461538464 1
275.38461538461536 228.46153846153842 1
255.38461538461542 178.84615384615384 1
258.46153846153845 166.15384615384616 1
255.38461538461542 166.15384615384616 1
255.38461538461542 166.15384615384616 1
253.84615384615384 167.30769230769232 1
253.84615384615384 167.30769230769232 1
253.84615384615384 167.30769230769232 1
253.84615384615384 167.30769230769232 1
253.84615384615384 167.30769230769232 0
286.15384615384613 323.07692307692315 0
292.3076923076923 256.15384615384613 1
278.46153846153845 263.0769230769231 1
278.46153846153845 263.0769230769231 1
278.46153846153845 263.0769230769231 1
278.46153846153845 263.0769230769231 1
280.0 267.6923076923077 1
280.0 267.6923076923077 1
280.0 267.6923076923077 1
283.07692307692315 268.84615384615387 1
283.07692307692315 268.84615384615387 1
283.07692307692315 268.84615384615387 1
283.07692307692315 268.84615384615387 1
283.07692307692315 268.84615384615387 1
283.07692307692315 268.84615384615387 1
283.07692307692315 268.84615384615387 1
283.07692307692315 268.84615384615387 1
283.07692307692315 268.84615384615387 1
283.07692307692315 268.84615384615387 1
283.07692307692315 268.84615384615387 1
283.07692307692315 268.84615384615387 1
283.07692307692315 267.6923076923077 0
283.07692307692315 267.6923076923077 0
283.07692307692315 259.61538461538464 1
283.07692307692315 259.61538461538464 1
283.07692307692315 259.61538461538464 1
283.07692307692315 259.61538461538464 1
283.07692307692315 259.61538461538464 1
283.07692307692315 259.61538461538464 1
283.07692307692315 259.61538461538464 1
284.61538461538464 263.0769230769231 1
284.61538461538464 263.0769230769231 1
284.61538461538464 263.0769230769231 1
283.07692307692315 256.15384615384613 0
283.07692307692315 256.15384615384613 0
283.07692307692315 256.15384615384613 1
283.07692307692315 256.15384615384613 1
283.07692307692315 258.46153846153845 1
283.07692307692315 258.46153846153845 1
283.07692307692315 260.76923076923083 1
283.07692307692315 260.76923076923083 1
283.07692307692315 260.76923076923083 1
283.07692307692315 260.76923076923083 1
284.61538461538464 263.0769230769231 1
284.61538461538464 264.23076923076917 1
284.61538461538464 264.23076923076917 1
284.61538461538464 264.23076923076917 1
284.61538461538464 264.23076923076917 1
284.61538461538464 264.23076923076917 1
284.61538461538464 264.23076923076917 1
283.07692307692315 257.3076923076923 0
283.07692307692315 257.3076923076923 0
283.07692307692315 257.3076923076923 1
287.6923076923077 256.15384615384613 1
287.6923076923077 256.15384615384613 1
295.38461538461536 256.15384615384613 1
295.38461538461536 256.15384615384613 1
295.38461538461536 256.15384615384613 1
295.38461538461536 256.15384615384613 1
295.38461538461536 256.15384615384613 1
295.38461538461536 256.15384615384613 1
286.15384615384613 263.0769230769231 1
286.15384615384613 263.0769230769231 1
286.15384615384613 263.0769230769231 1
286.15384615384613 263.0769230769231 1
286.15384615384613 263.0769230769231 1
286.15384615384613 263.0769230769231 1
286.15384615384613 258.46153846153845 1
286.15384615384613 258.46153846153845 0
286.15384615384613 258.46153846153845 0
280.0 258.46153846153845 1
280.0 258.46153846153845 1
280.0 259.61538461538464 1
283.07692307692315 263.0769230769231 1
283.07692307692315 263.0769230769231 1
283.07692307692315 263.0769230769231 1
283.07692307692315 263.0769230769231 1
283.07692307692315 263.0769230769231 1
283.07692307692315 263.0769230769231 1
283.07692307692315 263.0769230769231 1
283.07692307692315 263.0769230769231 1
283.07692307692315 263.0769230769231 1
283.07692307692315 263.0769230769231 1
283.07692307692315 263.0769230769231 1
283.07692307692315 263.0769230769231 1
283.07692307692315 263.0769230769231 1
283.07692307692315 263.0769230769231 1
283.07692307692315 263.0769230769231 1
283.07692307692315 263.0769230769231 0
283.07692307692315 263.0769230769231 0
283.07692307692315 263.0769230769231 1
283.07692307692315 263.0769230769231 1
283.07692307692315 263.0769230769231 1
283.07692307692315 263.0769230769231 1
283.07692307692315 263.0769230769231 1
283.07692307692315 263.0769230769231 1
283.07692307692315 263.0769230769231 1
283.07692307692315 263.0769230769231 1
283.07692307692315 263.0769230769231 1
283.07692307692315 263.0769230769231 1
283.07692307692315 263.0769230769231 1
283.07692307692315 263.0769230769231 1
283.07692307692315 263.0769230769231 1
283.07692307692315 263.0769230769231 1
283.07692307692315 263.0769230769231 1
283.07692307692315 263.0769230769231 0
283.07692307692315 263.0769230769231 1
283.07692307692315 263.0769230769231 1
283.07692307692315 263.0769230769231 1
283.07692307692315 263.0769230769231 1
283.07692307692315 263.0769230769231 1
283.07692307692315 263.0769230769231 1
283.07692307692315 263.0769230769231 1
283.07692307692315 263.0769230769231 1
283.07692307692315 263.0769230769231 1
283.07692307692315 263.0769230769231 1
283.07692307692315 263.0769230769231 1
283.07692307692315 263.0769230769231 1
283.07692307692315 263.0769230769231 1
283.07692307692315 263.0769230769231 1
283.07692307692315 263.0769230769231 1
283.07692307692315 263.0769230769231 1
283.07692307692315 263.0769230769231 1
283.07692307692315 263.0769230769231 1
283.07692307692315 263.0769230769231 1
283.07692307692315 263.0769230769231 1
283.07692307692315 263.0769230769231 1
283.07692307692315 263.0769230769231 1
283.07692307692315 263.0769230769231 1
283.07692307692315 263.0769230769231 1
283.07692307692315 260.76923076923083 0
275.38461538461536 259.61538461538464 1
275.38461538461536 259.61538461538464 1
278.46153846153845 259.61538461538464 1
278.46153846153845 259.61538461538464 1
280.0 260.76923076923083 1
280.0 260.76923076923083 1
280.0 260.76923076923083 1
280.0 260.76923076923083 1
280.0 260.76923076923083 1
280.0 260.76923076923083 1
280.0 260.76923076923083 1
280.0 260.76923076923083 1
280.0 260.76923076923083 1
280.0 260.76923076923083 1
280.0 260.76923076923083 1
280.0 260.76923076923083 1
280.0 260.76923076923083 1
280.0 260.76923076923083 1
280.0 260.76923076923083 0
280.0 260.76923076923083 0
280.0 260.76923076923083 1
280.0 260.76923076923083 1
280.0 260.76923076923083 1
280.0 260.76923076923083 1
280.0 260.76923076923083 1
280.0 260.76923076923083 1
280.0 260.76923076923083 1
280.0 260.76923076923083 1
280.0 260.76923076923083 1
280.0 260.76923076923083 1
315.38461538461536 251.53846153846158 1
395.3846153846154 228.46153846153842 1
432.3076923076923 237.6923076923077 1
463.07692307692315 253.84615384615384 1
472.3076923076923 253.84615384615384 1
472.3076923076923 253.84615384615384 1
472.3076923076923 253.84615384615384 1
472.3076923076923 253.84615384615384 1
472.3076923076923 253.84615384615384 1
472.3076923076923 253.84615384615384 1
472.3076923076923 253.84615384615384 1
495.3846153846154 248.0769230769231 1
495.3846153846154 248.0769230769231 0
495.3846153846154 248.0769230769231 1
504.6153846153846 257.3076923076923 1
504.6153846153846 257.3076923076923 1
504.6153846153846 257.3076923076923 1
504.6153846153846 257.3076923076923 1
504.6153846153846 257.3076923076923 1
504.6153846153846 257.3076923076923 1
504.6153846153846 257.3076923076923 1
504.6153846153846 257.3076923076923 1
504.6153846153846 257.3076923076923 1
504.6153846153846 257.3076923076923 1
504.6153846153846 257.3076923076923 1
504.6153846153846 257.3076923076923 1
504.6153846153846 257.3076923076923 1
500.0 257.3076923076923 1
500.0 257.3076923076923 1
500.0 257.3076923076923 1
500.0 250.38461538461542 1
504.6153846153846 245.7692307692308 1
504.6153846153846 245.7692307692308 1
504.6153846153846 245.7692307692308 1
504.6153846153846 245.7692307692308 1
504.6153846153846 245.7692307692308 1
504.6153846153846 245.7692307692308 1
504.6153846153846 245.7692307692308 1
487.6923076923077 248.0769230769231 1
387.6923076923077 244.61538461538458 1
306.15384615384613 245.7692307692308 1
252.3076923076923 264.23076923076917 1
215.38461538461542 278.0769230769231 1
213.84615384615384 272.3076923076923 1
172.3076923076923 289.61538461538464 1
172.3076923076923 300.0 1
172.3076923076923 300.0 1
166.15384615384616 302.3076923076923 1
136.9230769230769 317.3076923076923 1
123.07692307692308 332.3076923076923 1
123.07692307692308 323.07692307692315 1
123.07692307692308 323.07692307692315 1
116.92307692307692 330.0 1
364.6153846153846 348.46153846153845 0
363.07692307692315 363.46153846153845 0
116.92307692307692 330.0 1
116.92307692307692 330.0 1
116.92307692307692 330.0 1
110.76923076923076 333.46153846153845 1
110.76923076923076 333.46153846153845 1
110.76923076923076 333.46153846153845 1
110.76923076923076 333.46153846153845 1
110.76923076923076 333.46153846153845 1
110.76923076923076 333.46153846153845 1
110.76923076923076 333.46153846153845 1
110.76923076923076 333.46153846153845 1
110.76923076923076 333.46153846153845 1
110.76923076923076 333.46153846153845 1
110.76923076923076 333.46153846153845 0
110.76923076923076 333.46153846153845 0
110.76923076923076 333.46153846153845 0
110.76923076923076 333.46153846153845 1
110.76923076923076 333.46153846153845 1
110.76923076923076 333.46153846153845 1
110.76923076923076 333.46153846153845 1
110.76923076923076 333.46153846153845 1
110.76923076923076 333.46153846153845 1
107.69230769230771 319.61538461538464 1
146.15384615384616 308.07692307692315 1
229.23076923076923 282.6923076923077 1
284.61538461538464 267.6923076923077 1
284.61538461538464 267.6923076923077 1
284.61538461538464 267.6923076923077 1
276.9230769230769 265.38461538461536 1
276.9230769230769 265.38461538461536 1
276.9230769230769 265.38461538461536 1
278.46153846153845 266.53846153846155 1
327.6923076923077 256.15384615384613 1
347.6923076923077 260.76923076923083 1
403.07692307692315 257.3076923076923 1
452.3076923076923 271.15384615384613 1
475.3846153846154 278.0769230769231 1
504.6153846153846 285.0 1
507.6923076923077 288.46153846153845 1
507.6923076923077 288.46153846153845 1
504.6153846153846 288.46153846153845 1
504.6153846153846 288.46153846153845 1
504.6153846153846 288.46153846153845 1
504.6153846153846 288.46153846153845 1
504.6153846153846 288.46153846153845 1
510.76923076923083 289.61538461538464 1
512.3076923076924 290.76923076923083 1
512.3076923076924 290.76923076923083 1
512.3076923076924 290.76923076923083 1
512.3076923076924 290.76923076923083 1
512.3076923076924 290.76923076923083 1
512.3076923076924 290.76923076923083 1
512.3076923076924 290.76923076923083 1
512.3076923076924 290.76923076923083 1
512.3076923076924 290.76923076923083 1
512.3076923076924 290.76923076923083 1
512.3076923076924 290.76923076923083 1
512.3076923076924 290.76923076923083 1
512.3076923076924 290.76923076923083 1
512.3076923076924 290.76923076923083 1
512.3076923076924 290.76923076923083 1
512.3076923076924 290.76923076923083 1
512.3076923076924 290.76923076923083 1
512.3076923076924 290.76923076923083 1
510.76923076923083 278.0769230769231 0
509.23076923076917 271.15384615384613 0
503.07692307692315 245.7692307692308 1
503.07692307692315 223.84615384615384 1
503.07692307692315 223.84615384615384 1
503.07692307692315 227.3076923076923 1
472.3076923076923 242.3076923076923 1
370.76923076923083 251.53846153846158 1
300.0 286.15384615384613 1
250.7692307692308 323.07692307692315 1
230.7692307692308 323.07692307692315 1
224.61538461538458 319.61538461538464 1
224.61538461538458 319.61538461538464 1
220.0 313.84615384615387 1
192.3076923076923 331.15384615384613 1
149.23076923076925 349.6153846153846 1
123.07692307692308 360.0 1
123.07692307692308 360.0 1
123.07692307692308 355.3846153846154 1
123.07692307692308 355.3846153846154 1
123.07692307692308 355.3846153846154 1
123.07692307692308 355.3846153846154 1
113.84615384615385 357.6923076923077 1
118.46153846153848 356.53846153846155 1
118.46153846153848 356.53846153846155 1
118.46153846153848 356.53846153846155 1
118.46153846153848 356.53846153846155 0
118.46153846153848 356.53846153846155 0
118.46153846153848 356.53846153846155 0
118.46153846153848 356.53846153846155 0
113.84615384615385 341.53846153846155 1
113.84615384615385 341.53846153846155 1
113.84615384615385 341.53846153846155 1
113.84615384615385 341.53846153846155 1
116.92307692307692 335.76923076923083 1
116.92307692307692 335.76923076923083 1
116.92307692307692 335.76923076923083 1
116.92307692307692 335.76923076923083 0
116.92307692307692 335.76923076923083 0
116.92307692307692 335.76923076923083 0
116.92307692307692 333.46153846153845 0
126.15384615384615 328.84615384615387 1
126.15384615384615 328.84615384615387 1
126.15384615384615 328.84615384615387 1
120.0 324.23076923076917 1
156.9230769230769 313.84615384615387 1
240.0 290.76923076923083 1
261.53846153846155 281.53846153846155 1
261.53846153846155 281.53846153846155 1
261.53846153846155 281.53846153846155 1
255.38461538461542 275.76923076923083 1
280.0 240.0 1
280.0 240.0 1
280.0 238.84615384615384 1
280.0 238.84615384615384 1
278.46153846153845 237.6923076923077 1
278.46153846153845 189.23076923076923 1
287.6923076923077 146.53846153846158 1
290.76923076923083 126.92307692307692 1
290.76923076923083 123.46153846153848 1
290.76923076923083 123.46153846153848 1
283.07692307692315 123.46153846153848 1
283.07692307692315 123.46153846153848 1
283.07692307692315 123.46153846153848 1
283.07692307692315 123.46153846153848 1
283.07692307692315 123.46153846153848 1
283.07692307692315 123.46153846153848 1
283.07692307692315 123.46153846153848 1
266.15384615384613 122.30769230769229 1
266.15384615384613 122.30769230769229 1
266.15384615384613 122.30769230769229 1
266.15384615384613 122.30769230769229 1
341.53846153846155 259.61538461538464 0
375.3846153846154 278.0769230769231 0
255.38461538461542 115.3846153846154 0
258.46153846153845 111.92307692307692 1
258.46153846153845 111.92307692307692 1
263.0769230769231 114.23076923076924 1
263.0769230769231 114.23076923076924 1
263.0769230769231 114.23076923076924 1
263.0769230769231 114.23076923076924 1
263.0769230769231 114.23076923076924 1
263.0769230769231 114.23076923076924 1
263.0769230769231 114.23076923076924 0
263.0769230769231 114.23076923076924 0
263.0769230769231 114.23076923076924 0
249.23076923076923 114.23076923076924 1
247.6923076923077 122.30769230769229 1
244.61538461538458 124.6153846153846 1
255.38461538461542 146.53846153846158 1
266.15384615384613 212.3076923076923 1
283.07692307692315 278.0769230769231 1
300.0 332.3076923076923 1
312.3076923076923 362.3076923076923 1
307.6923076923077 375.0 1
313.84615384615387 398.07692307692315 1
310.76923076923083 402.6923076923077 1
306.15384615384613 398.07692307692315 1
303.07692307692315 398.07692307692315 1
306.15384615384613 417.6923076923077 1
306.15384615384613 450.0 1
298.46153846153845 446.5384615384616 1
298.46153846153845 446.5384615384616 1
298.46153846153845 446.5384615384616 1
298.46153846153845 446.5384615384616 1
298.46153846153845 446.5384615384616 1
298.46153846153845 446.5384615384616 1
298.46153846153845 446.5384615384616 1
298.46153846153845 446.5384615384616 1
298.46153846153845 446.5384615384616 1
298.46153846153845 446.5384615384616 1
298.46153846153845 446.5384615384616 0
275.38461538461536 446.5384615384616 0
275.38461538461536 446.5384615384616 0
255.38461538461542 440.76923076923083 0
255.38461538461542 440.76923076923083 0
246.15384615384616 435.0 0
246.15384615384616 435.0 0
246.15384615384616 435.0 0
246.15384615384616 435.0 0
246.15384615384616 435.0 0
246.15384615384616 430.3846153846154 0
272.3076923076923 301.15384615384613 0
264.61538461538464 288.46153846153845 1
258.46153846153845 288.46153846153845 1
258.46153846153845 288.46153846153845 1
258.46153846153845 288.46153846153845 0
258.46153846153845 288.46153846153845 0
258.46153846153845 288.46153846153845 0
258.46153846153845 288.46153846153845 0
258.46153846153845 288.46153846153845 0
266.15384615384613 290.76923076923083 1
266.15384615384613 290.76923076923083 1
266.15384615384613 290.76923076923083 1
266.15384615384613 290.76923076923083 1
266.15384615384613 290.76923076923083 0
266.15384615384613 290.76923076923083 0
266.15384615384613 290.76923076923083 0
266.15384615384613 290.76923076923083 0
266.15384615384613 290.76923076923083 0
266.15384615384613 290.76923076923083 1
267.6923076923077 285.0 1
267.6923076923077 285.0 1
267.6923076923077 285.0 1
273.84615384615387 288.46153846153845 1
273.84615384615387 288.46153846153845 1
273.84615384615387 279.23076923076917 1
272.3076923076923 341.53846153846155 1
273.84615384615387 401.5384615384616 1
278.46153846153845 424.6153846153846 1
281.53846153846155 425.76923076923083 1
281.53846153846155 425.76923076923083 1
281.53846153846155 425.76923076923083 1
281.53846153846155 425.76923076923083 1
281.53846153846155 425.76923076923083 1
281.53846153846155 425.76923076923083 1
281.53846153846155 425.76923076923083 1
281.53846153846155 425.76923076923083 1
281.53846153846155 425.76923076923083 1
281.53846153846155 425.76923076923083 1
281.53846153846155 425.76923076923083 1
281.53846153846155 425.76923076923083 1
261.53846153846155 428.07692307692315 0
261.53846153846155 428.07692307692315 0
261.53846153846155 428.07692307692315 0
261.53846153846155 428.07692307692315 0
247.6923076923077 425.76923076923083 0
244.61538461538458 424.6153846153846 0
244.61538461538458 424.6153846153846 0
244.61538461538458 424.6153846153846 0
244.61538461538458 424.6153846153846 0
244.61538461538458 424.6153846153846 0
272.3076923076923 438.46153846153845 1
272.3076923076923 438.46153846153845 1
272.3076923076923 438.46153846153845 1
272.3076923076923 438.46153846153845 1
272.3076923076923 438.46153846153845 0
272.3076923076923 438.46153846153845 0
272.3076923076923 438.46153846153845 0
272.3076923076923 438.46153846153845 0
272.3076923076923 438.46153846153845 0
272.3076923076923 438.46153846153845 0
272.3076923076923 438.46153846153845 0
272.3076923076923 438.46153846153845 0
272.3076923076923 438.46153846153845 0
272.3076923076923 438.46153846153845 0
295.38461538461536 410.76923076923083 0
283.07692307692315 326.53846153846155 1
275.38461538461536 283.84615384615387 1
275.38461538461536 294.23076923076917 1
275.38461538461536 294.23076923076917 1
275.38461538461536 294.23076923076917 1
266.15384615384613 293.07692307692315 1
266.15384615384613 293.07692307692315 1
266.15384615384613 293.07692307692315 1
266.15384615384613 293.07692307692315 1
283.07692307692315 301.15384615384613 1
283.07692307692315 301.15384615384613 1
283.07692307692315 301.15384615384613 1
283.07692307692315 301.15384615384613 1
284.61538461538464 305.76923076923083 1
324.61538461538464 297.6923076923077 1
341.53846153846155 293.07692307692315 1
341.53846153846155 293.07692307692315 1
341.53846153846155 293.07692307692315 1
341.53846153846155 293.07692307692315 1
341.53846153846155 293.07692307692315 1
341.53846153846155 293.07692307692315 1
341.53846153846155 293.07692307692315 1
341.53846153846155 293.07692307692315 1
341.53846153846155 293.07692307692315 1
341.53846153846155 293.07692307692315 1
341.53846153846155 293.07692307692315 1
341.53846153846155 293.07692307692315 1
341.53846153846155 293.07692307692315 1
335.38461538461536 293.07692307692315 1
335.38461538461536 293.07692307692315 1
335.38461538461536 293.07692307692315 1
335.38461538461536 293.07692307692315 1
335.38461538461536 293.07692307692315 1
335.38461538461536 293.07692307692315 1
335.38461538461536 293.07692307692315 1
335.38461538461536 293.07692307692315 1
335.38461538461536 293.07692307692315 1
335.38461538461536 293.07692307692315 1
335.38461538461536 293.07692307692315 1
335.38461538461536 293.07692307692315 1
335.38461538461536 293.07692307692315 1
335.38461538461536 293.07692307692315 1
335.38461538461536 293.07692307692315 1
335.38461538461536 293.07692307692315 1
335.38461538461536 293.07692307692315 1
335.38461538461536 293.07692307692315 1
335.38461538461536 293.07692307692315 1
330.76923076923083 293.07692307692315 1
330.76923076923083 293.07692307692315 1
330.76923076923083 293.07692307692315 1
330.76923076923083 293.07692307692315 0
330.76923076923083 293.07692307692315 0
332.3076923076923 215.7692307692308 1
332.3076923076923 221.53846153846158 1
332.3076923076923 223.84615384615384 1
333.84615384615387 230.7692307692308 1
333.84615384615387 230.7692307692308 1
333.84615384615387 230.7692307692308 1
333.84615384615387 230.7692307692308 1
332.3076923076923 227.3076923076923 1
310.76923076923083 257.3076923076923 1
304.61538461538464 263.0769230769231 1
304.61538461538464 263.0769230769231 1
301.53846153846155 256.15384615384613 1
315.38461538461536 287.3076923076923 1
326.15384615384613 303.46153846153845 1
326.15384615384613 304.61538461538464 1
326.15384615384613 304.61538461538464 1
324.61538461538464 304.61538461538464 1
330.76923076923083 304.61538461538464 1
335.38461538461536 304.61538461538464 1
335.38461538461536 304.61538461538464 1
335.38461538461536 304.61538461538464 1
335.38461538461536 304.61538461538464 1
335.38461538461536 304.61538461538464 1
333.84615384615387 289.61538461538464 1
358.46153846153845 245.7692307692308 0
395.3846153846154 242.3076923076923 0
355.3846153846154 252.6923076923077 1
333.84615384615387 275.76923076923083 1
330.76923076923083 278.0769230769231 1
330.76923076923083 278.0769230769231 1
326.15384615384613 296.53846153846155 1
326.15384615384613 300.0 1
326.15384615384613 300.0 1
326.15384615384613 300.0 1
326.15384615384613 300.0 1
333.84615384615387 296.53846153846155 1
333.84615384615387 296.53846153846155 1
333.84615384615387 296.53846153846155 1
333.84615384615387 296.53846153846155 1
333.84615384615387 296.53846153846155 1
333.84615384615387 296.53846153846155 1
333.84615384615387 296.53846153846155 1
333.84615384615387 296.53846153846155 1
333.84615384615387 296.53846153846155 1
333.84615384615387 296.53846153846155 1
333.84615384615387 296.53846153846155 1
333.84615384615387 296.53846153846155 1
333.84615384615387 296.53846153846155 1
333.84615384615387 296.53846153846155 1
333.84615384615387 296.53846153846155 1
333.84615384615387 296.53846153846155 1
333.84615384615387 296.53846153846155 1
333.84615384615387 296.53846153846155 1
333.84615384615387 296.53846153846155 1
333.84615384615387 296.53846153846155 1
333.84615384615387 296.53846153846155 1
333.84615384615387 296.53846153846155 1
333.84615384615387 296.53846153846155 1
333.84615384615387 296.53846153846155 1
333.84615384615387 296.53846153846155 1
333.84615384615387 296.53846153846155 1
333.84615384615387 296.53846153846155 1
333.84615384615387 296.53846153846155 1
333.84615384615387 296.53846153846155 1
333.84615384615387 296.53846153846155 1
333.84615384615387 296.53846153846155 1
333.84615384615387 296.53846153846155 1
333.84615384615387 296.53846153846155 1
332.3076923076923 293.07692307692315 1
332.3076923076923 293.07692307692315 1
332.3076923076923 293.07692307692315 1
332.3076923076923 293.07692307692315 1
332.3076923076923 293.07692307692315 1
332.3076923076923 293.07692307692315 1
332.3076923076923 293.07692307692315 1
332.3076923076923 293.07692307692315 1
332.3076923076923 293.07692307692315 1
332.3076923076923 293.07692307692315 1
315.38461538461536 294.23076923076917 1
286.15384615384613 301.15384615384613 1
286.15384615384613 301.15384615384613 1
286.15384615384613 301.15384615384613 1
286.15384615384613 301.15384615384613 1
286.15384615384613 301.15384615384613 1
286.15384615384613 301.15384615384613 1
286.15384615384613 301.15384615384613 1
286.15384615384613 301.15384615384613 1
286.15384615384613 301.15384615384613 1
286.15384615384613 301.15384615384613 1
286.15384615384613 301.15384615384613 1
286.15384615384613 301.15384615384613 1
286.15384615384613 301.15384615384613 1
286.15384615384613 301.15384615384613 1
286.15384615384613 301.15384615384613 1
286.15384615384613 301.15384615384613 1
286.15384615384613 301.15384615384613 1
286.15384615384613 301.15384615384613 1
286.15384615384613 301.15384615384613 1
286.15384615384613 301.15384615384613 1
286.15384615384613 301.15384615384613 1
