350.0 262.0 1
350.0 261.83 1
350.0 261.67 1
350.0 261.5 1
349.83 261.67 1
349.67 261.83 1
349.5 262.0 1
349.5 261.83 1
349.5 261.67 1
349.5 261.5 1
349.5 261.5 1
349.5 261.5 1
349.5 261.5 1
349.17 261.5 1
348.83 261.5 1
348.5 261.5 1
348.33 261.33 1
348.17 261.17 1
348.0 261.0 1
347.83 260.67 1
347.67 260.33 1
347.5 260.0 1
347.67 259.83 1
347.83 259.67 1
348.0 259.5 1
348.17 259.5 1
348.33 259.5 1
348.5 259.5 1
348.17 259.5 1
347.83 259.5 1
347.5 259.5 1
347.67 259.17 1
347.83 258.83 1
348.0 258.5 1
347.83 258.33 1
347.67 258.17 1
347.5 258.0 1
347.67 258.0 1
347.83 258.0 1
348.0 258.0 1
347.83 258.0 1
347.67 258.0 1
347.5 258.0 1
347.5 258.0 1
347.5 258.0 1
347.5 258.0 1
347.5 258.0 1
347.5 258.0 1
347.5 258.0 1
347.33 257.83 1
347.17 257.67 1
347.0 257.5 1
346.83 257.5 1
346.67 257.5 1
346.5 257.5 1
346.67 257.33 1
346.83 257.17 1
347.0 257.0 1
346.83 257.0 1
346.67 257.0 1
346.5 257.0 1
346.33 257.17 1
346.17 257.33 1
346.0 257.5 1
345.67 257.33 1
345.33 257.17 1
345.0 257.0 1
344.17 256.83 1
343.33 256.67 1
342.5 256.5 1
342.17 256.5 1
341.83 256.5 1
341.5 256.5 1
338.0 256.17 1
334.5 255.83 1
331.0 255.5 1
329.83 255.5 1
328.67 255.5 1
327.5 255.5 1
326.83 255.0 1
326.17 254.5 1
325.5 254.0 1
324.83 254.0 1
324.17 254.0 1
323.5 254.0 1
322.67 254.17 1
321.83 254.33 1
321.0 254.5 1
320.33 254.33 1
319.67 254.17 1
319.0 254.0 1
318.0 254.17 1
317.0 254.33 1
316.0 254.5 1
315.33 254.33 1
314.67 254.17 1
314.0 254.0 1
313.0 254.17 1
312.0 254.33 1
311.0 254.5 1
310.0 254.67 1
309.0 254.83 1
308.0 255.0 1
306.5 254.5 1
305.0 254.0 1
303.5 253.5 1
302.83 253.67 1
302.17 253.83 1
301.5 254.0 1
300.67 253.83 1
299.83 253.67 1
299.0 253.5 1
297.33 254.17 1
295.67 254.83 1
294.0 255.5 1
293.5 255.67 1
293.0 255.83 1
292.5 256.0 1
291.83 255.67 1
291.17 255.33 1
290.5 255.0 1
290.0 255.33 1
289.5 255.67 1
289.0 256.0 1
288.33 255.67 1
287.67 255.33 1
287.0 255.0 1
286.33 255.0 1
285.67 255.0 1
285.0 255.0 1
284.33 254.5 1
283.67 254.0 1
283.0 253.5 1
282.33 254.17 1
281.67 254.83 1
281.0 255.5 1
280.33 254.67 1
279.67 253.83 1
279.0 253.0 1
278.67 253.17 1
278.33 253.33 1
278.0 253.5 1
277.5 253.33 1
277.0 253.17 1
276.5 253.0 1
275.83 252.83 1
275.17 252.67 1
274.5 252.5 1
271.17 252.67 1
267.83 252.83 1
264.5 253.0 1
264.17 252.67 1
263.83 252.33 1
263.5 252.0 1
263.17 251.83 1
262.83 251.67 1
262.5 251.5 1
262.0 251.67 1
261.5 251.83 1
261.0 252.0 1
260.5 251.83 1
260.0 251.67 1
259.5 251.5 1
259.17 251.5 1
258.83 251.5 1
258.5 251.5 1
258.17 251.67 1
257.83 251.83 1
257.5 252.0 1
257.5 251.83 1
257.5 251.67 1
257.5 251.5 1
257.33 251.5 1
257.17 251.5 1
257.0 251.5 1
257.17 251.33 1
257.33 251.17 1
257.5 251.0 1
259.83 250.67 1
262.17 250.33 1
264.5 250.0 1
264.83 249.67 1
265.17 249.33 1
265.5 249.0 1
265.33 248.67 1
265.17 248.33 1
265.0 248.0 1
265.33 247.5 1
265.67 247.0 1
266.0 246.5 1
266.17 246.17 1
266.33 245.83 1
266.5 245.5 1
265.67 243.83 1
264.83 242.17 1
264.0 240.5 1
264.17 239.67 1
264.33 238.83 1
264.5 238.0 1
264.83 237.5 1
265.17 237.0 1
265.5 236.5 1
265.67 235.83 1
265.83 235.17 1
266.0 234.5 1
266.17 234.0 1
266.33 233.5 1
266.5 233.0 1
266.5 232.5 1
266.5 232.0 1
266.5 231.5 1
266.83 230.83 1
267.17 230.17 1
267.5 229.5 1
267.83 229.0 1
268.17 228.5 1
268.5 228.0 1
268.5 227.5 1
268.5 227.0 1
268.5 226.5 1
269.0 226.17 1
269.5 225.83 1
270.0 225.5 1
270.5 225.0 1
271.0 224.5 1
271.5 224.0 1
271.83 223.33 1
272.17 222.67 1
272.5 222.0 1
274.17 220.67 1
275.83 219.33 1
277.5 218.0 1
278.0 217.67 1
278.5 217.33 1
279.0 217.0 1
279.67 216.5 1
280.33 216.0 1
281.0 215.5 1
281.17 215.0 1
281.33 214.5 1
281.5 214.0 1
282.0 213.67 1
282.5 213.33 1
283.0 213.0 1
284.0 212.5 1
285.0 212.0 1
286.0 211.5 1
286.83 211.33 1
287.67 211.17 1
288.5 211.0 1
289.17 210.5 1
289.83 210.0 1
290.5 209.5 1
291.17 209.33 1
291.83 209.17 1
292.5 209.0 1
293.0 208.67 1
293.5 208.33 1
294.0 208.0 1
294.67 208.17 1
295.33 208.33 1
296.0 208.5 1
296.5 208.5 1
297.0 208.5 1
297.5 208.5 1
297.83 208.67 1
298.17 208.83 1
298.5 209.0 1
299.33 209.17 1
300.17 209.33 1
301.0 209.5 1
302.0 209.33 1
303.0 209.17 1
304.0 209.0 1
305.67 209.33 1
307.33 209.67 1
309.0 210.0 1
309.83 209.83 1
310.67 209.67 1
311.5 209.5 1
312.67 209.5 1
313.83 209.5 1
315.0 209.5 1
316.33 209.67 1
317.67 209.83 1
319.0 210.0 1
320.0 210.0 1
321.0 210.0 1
322.0 210.0 1
323.17 210.17 1
324.33 210.33 1
325.5 210.5 1
326.83 210.83 1
328.17 211.17 1
329.5 211.5 1
330.17 211.83 1
330.83 212.17 1
331.5 212.5 1
332.17 212.33 1
332.83 212.17 1
333.5 212.0 1
334.33 212.17 1
335.17 212.33 1
336.0 212.5 1
336.83 212.5 1
337.67 212.5 1
338.5 212.5 1
339.33 212.67 1
340.17 212.83 1
341.0 213.0 1
341.67 213.33 1
342.33 213.67 1
343.0 214.0 1
343.83 214.17 1
344.67 214.33 1
345.5 214.5 1
346.67 214.67 1
347.83 214.83 1
349.0 215.0 1
349.67 215.5 1
350.33 216.0 1
351.0 216.5 1
352.0 216.67 1
353.0 216.83 1
354.0 217.0 1
355.17 217.5 1
356.33 218.0 1
357.5 218.5 1
358.33 218.67 1
359.17 218.83 1
360.0 219.0 1
360.83 219.33 1
361.67 219.67 1
362.5 220.0 1
363.17 220.33 1
363.83 220.67 1
364.5 221.0 1
365.33 221.0 1
366.17 221.0 1
367.0 221.0 1
369.5 222.0 1
372.0 223.0 1
374.5 224.0 1
376.33 225.0 1
378.17 226.0 1
380.0 227.0 1
381.17 227.33 1
382.33 227.67 1
383.5 228.0 1
384.5 228.5 1
385.5 229.0 1
386.5 229.5 1
387.33 229.83 1
388.17 230.17 1
389.0 230.5 1
390.17 230.67 1
391.33 230.83 1
392.5 231.0 1
395.5 233.0 1
398.5 235.0 1
401.5 237.0 1
402.17 237.17 1
402.83 237.33 1
403.5 237.5 1
404.33 237.83 1
405.17 238.17 1
406.0 238.5 1
406.67 239.0 1
407.33 239.5 1
408.0 240.0 1
408.83 240.17 1
409.67 240.33 1
410.5 240.5 1
410.83 240.83 1
411.17 241.17 1
411.5 241.5 1
412.33 241.5 1
413.17 241.5 1
414.0 241.5 1
414.5 241.83 1
415.0 242.17 1
415.5 242.5 1
416.17 242.83 1
416.83 243.17 1
417.5 243.5 1
418.17 243.83 1
418.83 244.17 1
419.5 244.5 1
419.83 244.83 1
420.17 245.17 1
420.5 245.5 1
421.0 245.83 1
421.5 246.17 1
422.0 246.5 1
422.5 247.0 1
423.0 247.5 1
423.5 248.0 1
425.17 249.17 1
426.83 250.33 1
428.5 251.5 1
428.83 251.83 1
429.17 252.17 1
429.5 252.5 1
429.67 252.5 1
429.83 252.5 1
430.0 252.5 1
430.17 252.17 1
430.33 251.83 1
430.5 251.5 1
430.83 251.67 1
431.17 251.83 1
431.5 252.0 1
431.5 252.0 1
431.5 252.0 1
431.5 252.0 1
431.5 252.33 1
431.5 252.67 1
431.5 253.0 1
431.5 253.17 1
431.5 253.33 1
431.5 253.5 1
431.33 253.67 1
431.17 253.83 1
431.0 254.0 1
430.5 253.83 1
430.0 253.67 1
429.5 253.5 1
429.17 253.17 1
428.83 252.83 1
428.5 252.5 1
428.17 252.33 1
427.83 252.17 1
427.5 252.0 1
427.0 251.83 1
426.5 251.67 1
426.0 251.5 1
425.67 251.5 1
425.33 251.5 1
425.0 251.5 1
425.0 251.67 1
425.0 251.83 1
425.0 252.0 1
424.83 252.0 1
424.67 252.0 1
424.5 252.0 1
424.33 252.5 1
424.17 253.0 1
424.0 253.5 1
425.83 256.67 1
427.67 259.83 1
429.5 263.0 1
429.17 263.67 1
428.83 264.33 1
428.5 265.0 1
428.33 265.0 1
428.17 265.0 1
428.0 265.0 1
428.17 265.17 1
428.33 265.33 1
428.5 265.5 1
428.17 265.5 1
427.83 265.5 1
427.5 265.5 1
427.33 266.0 1
427.17 266.5 1
427.0 267.0 1
427.17 267.33 1
427.33 267.67 1
427.5 268.0 1
427.67 268.67 1
427.83 269.33 1
428.0 270.0 1
427.5 270.5 1
427.0 271.0 1
426.5 271.5 1
426.67 272.0 1
426.83 272.5 1
427.0 273.0 1
426.83 273.33 1
426.67 273.67 1
426.5 274.0 1
426.5 274.67 1
426.5 275.33 1
426.5 276.0 1
426.17 276.67 1
425.83 277.33 1
425.5 278.0 1
426.67 279.83 1
427.83 281.67 1
429.0 283.5 1
428.5 284.0 1
428.0 284.5 1
427.5 285.0 1
427.33 285.17 1
427.17 285.33 1
427.0 285.5 1
427.0 285.83 1
427.0 286.17 1
427.0 286.5 1
426.67 286.67 1
426.33 286.83 1
426.0 287.0 1
426.0 287.33 1
426.0 287.67 1
426.0 288.0 1
425.67 288.17 1
425.33 288.33 1
425.0 288.5 1
422.67 286.33 1
420.33 284.17 1
418.0 282.0 1
417.67 281.5 1
417.33 281.0 1
417.0 280.5 1
416.67 280.33 1
416.33 280.17 1
416.0 280.0 1
415.17 279.5 1
414.33 279.0 1
413.5 278.5 1
413.0 278.33 1
412.5 278.17 1
412.0 278.0 1
411.33 277.33 1
410.67 276.67 1
410.0 276.0 1
409.5 275.5 1
409.0 275.0 1
408.5 274.5 1
407.83 274.33 1
407.17 274.17 1
406.5 274.0 1
405.83 273.67 1
405.17 273.33 1
404.5 273.0 1
403.83 272.67 1
403.17 272.33 1
402.5 272.0 1
401.67 271.67 1
400.83 271.33 1
400.0 271.0 1
399.0 270.5 1
398.0 270.0 1
397.0 269.5 1
396.17 269.0 1
395.33 268.5 1
394.5 268.0 1
393.67 267.67 1
392.83 267.33 1
392.0 267.0 1
391.0 266.33 1
390.0 265.67 1
389.0 265.0 1
387.83 264.5 1
386.67 264.0 1
385.5 263.5 1
384.67 263.67 1
383.83 263.83 1
383.0 264.0 1
383.17 264.0 1
383.33 264.0 1
383.5 264.0 1
382.33 263.67 1
381.17 263.33 1
380.0 263.0 1
378.33 262.5 1
376.67 262.0 1
375.0 261.5 1
373.67 261.0 1
372.33 260.5 1
371.0 260.0 1
369.83 259.33 1
368.67 258.67 1
367.5 258.0 1
366.0 257.67 1
364.5 257.33 1
363.0 257.0 1
361.17 256.17 1
359.33 255.33 1
357.5 254.5 1
356.0 254.0 1
354.5 253.5 1
353.0 253.0 1
351.83 252.67 1
350.67 252.33 1
349.5 252.0 1
348.17 251.5 1
346.83 251.0 1
345.5 250.5 1
344.33 250.17 1
343.17 249.83 1
342.0 249.5 1
341.0 249.17 1
340.0 248.83 1
339.0 248.5 1
337.67 248.33 1
336.33 248.17 1
335.0 248.0 1
333.83 247.67 1
332.67 247.33 1
331.5 247.0 1
329.0 246.83 1
326.5 246.67 1
324.0 246.5 1
321.0 246.5 1
318.0 246.5 1
315.0 246.5 1
313.83 246.33 1
312.67 246.17 1
311.5 246.0 1
310.33 245.83 1
309.17 245.67 1
308.0 245.5 1
306.67 245.17 1
305.33 244.83 1
304.0 244.5 1
302.83 244.0 1
301.67 243.5 1
300.5 243.0 1
299.33 242.83 1
298.17 242.67 1
297.0 242.5 1
296.0 242.33 1
295.0 242.17 1
294.0 242.0 1
292.5 241.67 1
291.0 241.33 1
289.5 241.0 1
288.5 240.83 1
287.5 240.67 1
286.5 240.5 1
285.17 240.5 1
283.83 240.5 1
282.5 240.5 1
281.67 240.5 1
280.83 240.5 1
280.0 240.5 1
278.83 240.33 1
277.67 240.17 1
276.5 240.0 1
275.5 239.83 1
274.5 239.67 1
273.5 239.5 1
269.83 239.83 1
266.17 240.17 1
262.5 240.5 1
261.67 240.5 1
260.83 240.5 1
260.0 240.5 1
259.17 240.5 1
258.33 240.5 1
257.5 240.5 1
256.83 240.33 1
256.17 240.17 1
255.5 240.0 1
255.0 239.83 1
254.5 239.67 1
254.0 239.5 1
253.33 239.5 1
252.67 239.5 1
252.0 239.5 1
251.17 239.5 1
250.33 239.5 1
249.5 239.5 1
248.67 239.5 1
247.83 239.5 1
247.0 239.5 1
246.33 239.5 1
245.67 239.5 1
245.0 239.5 1
244.33 239.83 1
243.67 240.17 1
243.0 240.5 1
242.33 240.67 1
241.67 240.83 1
241.0 241.0 1
240.83 241.17 1
240.67 241.33 1
240.5 241.5 1
239.83 241.67 1
239.17 241.83 1
238.5 242.0 1
237.83 242.0 1
237.17 242.0 1
236.5 242.0 1
235.83 242.17 1
235.17 242.33 1
234.5 242.5 1
234.33 242.67 1
234.17 242.83 1
234.0 243.0 1
233.5 243.17 1
233.0 243.33 1
232.5 243.5 1
232.33 243.83 1
232.17 244.17 1
232.0 244.5 1
232.17 244.33 1
232.33 244.17 1
232.5 244.0 1
232.5 244.17 1
232.5 244.33 1
232.5 244.5 1
232.83 244.5 1
233.17 244.5 1
233.5 244.5 1
233.5 244.5 1
233.5 244.5 1
233.5 244.5 1
233.5 245.0 1
233.5 245.5 1
233.5 246.0 1
233.83 246.17 1
234.17 246.33 1
234.5 246.5 1
234.67 247.17 1
234.83 247.83 1
235.0 248.5 1
235.17 248.83 1
235.33 249.17 1
235.5 249.5 1
235.67 250.17 1
235.83 250.83 1
236.0 251.5 1
236.17 255.83 1
236.33 260.17 1
236.5 264.5 1
236.5 265.67 1
236.5 266.83 1
236.5 268.0 1
236.83 268.33 1
237.17 268.67 1
237.5 269.0 1
237.67 270.0 1
237.83 271.0 1
238.0 272.0 1
238.17 272.67 1
238.33 273.33 1
238.5 274.0 1
238.83 274.5 1
239.17 275.0 1
239.5 275.5 1
239.33 276.17 1
239.17 276.83 1
239.0 277.5 1
238.83 277.83 1
238.67 278.17 1
238.5 278.5 1
238.5 279.17 1
238.5 279.83 1
238.5 280.5 1
238.5 281.0 1
238.5 281.5 1
238.5 282.0 1
238.67 282.5 1
238.83 283.0 1
239.0 283.5 1
239.0 283.5 1
239.0 283.5 1
239.0 283.5 1
238.83 283.67 1
238.67 283.83 1
238.5 284.0 1
238.83 284.0 1
239.17 284.0 1
239.5 284.0 1
239.5 283.83 1
239.5 283.67 1
239.5 283.5 1
240.0 283.5 1
240.5 283.5 1
241.0 283.5 1
241.5 283.17 1
242.0 282.83 1
242.5 282.5 1
243.0 282.33 1
243.5 282.17 1
244.0 282.0 1
244.83 281.83 1
245.67 281.67 1
246.5 281.5 1
247.67 281.33 1
248.83 281.17 1
250.0 281.0 1
250.5 280.67 1
251.0 280.33 1
251.5 280.0 1
252.5 279.83 1
253.5 279.67 1
254.5 279.5 1
255.33 279.33 1
256.17 279.17 1
257.0 279.0 1
257.67 279.5 1
258.33 280.0 1
259.0 280.5 1
259.83 280.17 1
260.67 279.83 1
261.5 279.5 1
262.5 279.67 1
263.5 279.83 1
264.5 280.0 1
265.5 279.83 1
266.5 279.67 1
267.5 279.5 1
268.5 279.67 1
269.5 279.83 1
270.5 280.0 1
271.33 280.0 1
272.17 280.0 1
273.0 280.0 1
274.5 280.0 1
276.0 280.0 1
277.5 280.0 1
279.17 280.33 1
280.83 280.67 1
282.5 281.0 1
283.83 280.83 1
285.17 280.67 1
286.5 280.5 1
287.67 280.83 1
288.83 281.17 1
290.0 281.5 1
291.33 281.5 1
292.67 281.5 1
294.0 281.5 1
295.33 281.67 1
296.67 281.83 1
298.0 282.0 1
299.67 282.67 1
301.33 283.33 1
303.0 284.0 1
306.5 285.17 1
310.0 286.33 1
313.5 287.5 1
315.5 288.0 1
317.5 288.5 1
319.5 289.0 1
320.67 288.83 1
321.83 288.67 1
323.0 288.5 1
324.83 288.83 1
326.67 289.17 1
328.5 289.5 1
330.0 289.83 1
331.5 290.17 1
333.0 290.5 1
334.33 290.67 1
335.67 290.83 1
337.0 291.0 1
338.5 291.33 1
340.0 291.67 1
341.5 292.0 1
343.17 292.5 1
344.83 293.0 1
346.5 293.5 1
349.83 295.0 1
353.17 296.5 1
356.5 298.0 1
358.17 298.5 1
359.83 299.0 1
361.5 299.5 1
362.5 299.67 1
363.5 299.83 1
364.5 300.0 1
365.33 300.33 1
366.17 300.67 1
367.0 301.0 1
368.17 301.33 1
369.33 301.67 1
370.5 302.0 1
371.33 302.5 1
372.17 303.0 1
373.0 303.5 1
375.17 304.83 1
377.33 306.17 1
379.5 307.5 1
380.83 308.67 1
382.17 309.83 1
383.5 311.0 1
384.17 311.5 1
384.83 312.0 1
385.5 312.5 1
386.17 312.67 1
386.83 312.83 1
387.5 313.0 1
388.0 313.5 1
388.5 314.0 1
389.0 314.5 1
389.67 314.67 1
390.33 314.83 1
391.0 315.0 1
391.33 315.33 1
391.67 315.67 1
392.0 316.0 1
392.67 316.5 1
393.33 317.0 1
394.0 317.5 1
395.5 317.83 1
397.0 318.17 1
398.5 318.5 1
400.5 319.17 1
402.5 319.83 1
404.5 320.5 1
405.17 320.5 1
405.83 320.5 1
406.5 320.5 1
407.0 320.17 1
407.5 319.83 1
408.0 319.5 1
408.17 319.5 1
408.33 319.5 1
408.5 319.5 1
408.83 319.33 1
409.17 319.17 1
409.5 319.0 1
409.83 319.5 1
410.17 320.0 1
410.5 320.5 1
410.33 320.67 1
410.17 320.83 1
410.0 321.0 1
410.0 321.33 1
410.0 321.67 1
410.0 322.0 1
410.17 322.33 1
410.33 322.67 1
410.5 323.0 1
410.33 322.83 1
410.17 322.67 1
410.0 322.5 1
410.17 322.83 1
410.33 323.17 1
410.5 323.5 1
410.33 323.33 1
410.17 323.17 1
410.0 323.0 1
407.33 323.33 1
404.67 323.67 1
402.0 324.0 1
402.0 324.33 1
402.0 324.67 1
402.0 325.0 1
401.5 325.17 1
401.0 325.33 1
400.5 325.5 1
400.17 325.67 1
399.83 325.83 1
399.5 326.0 1
399.33 326.17 1
399.17 326.33 1
399.0 326.5 1
398.5 326.67 1
398.0 326.83 1
397.5 327.0 1
397.0 327.33 1
396.5 327.67 1
396.0 328.0 1
395.67 328.5 1
395.33 329.0 1
395.0 329.5 1
395.17 331.83 1
395.33 334.17 1
395.5 336.5 1
394.83 339.0 1
394.17 341.5 1
393.5 344.0 1
392.5 344.67 1
391.5 345.33 1
390.5 346.0 1
390.0 346.67 1
389.5 347.33 1
389.0 348.0 1
388.67 348.17 1
388.33 348.33 1
388.0 348.5 1
387.67 348.67 1
387.33 348.83 1
387.0 349.0 1
386.67 349.5 1
386.33 350.0 1
386.0 350.5 1
385.83 350.67 1
385.67 350.83 1
385.5 351.0 1
385.33 350.83 1
385.17 350.67 1
385.0 350.5 1
384.67 350.83 1
384.33 351.17 1
384.0 351.5 1
383.5 351.83 1
383.0 352.17 1
382.5 352.5 1
382.33 352.67 1
382.17 352.83 1
382.0 353.0 1
381.83 353.17 1
381.67 353.33 1
381.5 353.5 1
381.83 353.67 1
382.17 353.83 1
382.5 354.0 1
382.5 353.67 1
382.5 353.33 1
382.5 353.0 1
382.17 353.0 1
381.83 353.0 1
381.5 353.0 1
381.0 352.67 1
380.5 352.33 1
380.0 352.0 1
379.17 351.5 1
378.33 351.0 1
377.5 350.5 1
376.33 350.17 1
375.17 349.83 1
374.0 349.5 1
373.0 349.67 1
372.0 349.83 1
371.0 350.0 1
369.83 349.5 1
368.67 349.0 1
367.5 348.5 1
366.33 348.33 1
365.17 348.17 1
364.0 348.0 1
362.67 347.83 1
361.33 347.67 1
360.0 347.5 1
358.5 346.83 1
357.0 346.17 1
355.5 345.5 1
354.5 345.33 1
353.5 345.17 1
352.5 345.0 1
351.5 344.83 1
350.5 344.67 1
349.5 344.5 1
348.17 344.0 1
346.83 343.5 1
345.5 343.0 1
341.67 342.33 1
337.83 341.67 1
334.0 341.0 1
332.33 340.83 1
330.67 340.67 1
329.0 340.5 1
327.67 340.0 1
326.33 339.5 1
325.0 339.0 1
323.67 338.5 1
322.33 338.0 1
321.0 337.5 1
319.83 336.67 1
318.67 335.83 1
317.5 335.0 1
315.5 334.33 1
313.5 333.67 1
311.5 333.0 1
310.0 332.5 1
308.5 332.0 1
307.0 331.5 1
305.5 330.83 1
304.0 330.17 1
302.5 329.5 1
300.83 328.83 1
299.17 328.17 1
297.5 327.5 1
296.17 327.0 1
294.83 326.5 1
293.5 326.0 1
291.5 325.33 1
289.5 324.67 1
287.5 324.0 1
286.0 323.83 1
284.5 323.67 1
283.0 323.5 1
281.5 322.67 1
280.0 321.83 1
278.5 321.0 1
277.0 320.5 1
275.5 320.0 1
274.0 319.5 1
271.5 318.83 1
269.0 318.17 1
266.5 317.5 1
263.0 316.83 1
259.5 316.17 1
256.0 315.5 1
254.67 315.33 1
253.33 315.17 1
252.0 315.0 1
251.0 314.67 1
250.0 314.33 1
249.0 314.0 1
248.0 313.5 1
247.0 313.0 1
246.0 312.5 1
245.0 312.33 1
244.0 312.17 1
243.0 312.0 1
242.33 311.83 1
241.67 311.67 1
241.0 311.5 1
240.33 310.83 1
239.67 310.17 1
239.0 309.5 1
238.33 309.33 1
237.67 309.17 1
237.0 309.0 1
236.17 308.67 1
235.33 308.33 1
234.5 308.0 1
233.83 307.83 1
233.17 307.67 1
232.5 307.5 1
231.83 307.0 1
231.17 306.5 1
230.5 306.0 1
229.67 306.17 1
228.83 306.33 1
228.0 306.5 1
227.67 306.33 1
227.33 306.17 1
227.0 306.0 1
226.5 305.83 1
226.0 305.67 1
225.5 305.5 1
224.33 306.33 1
223.17 307.17 1
222.0 308.0 1
220.67 308.5 1
219.33 309.0 1
218.0 309.5 1
217.5 309.5 1
217.0 309.5 1
216.5 309.5 1
216.5 309.33 1
216.5 309.17 1
216.5 309.0 1
216.17 308.83 1
215.83 308.67 1
215.5 308.5 1
215.67 308.17 1
215.83 307.83 1
216.0 307.5 1
216.17 307.33 1
216.33 307.17 1
216.5 307.0 1
216.67 306.67 1
216.83 306.33 1
217.0 306.0 1
217.33 305.67 1
217.67 305.33 1
218.0 305.0 1
218.0 304.67 1
218.0 304.33 1
218.0 304.0 1
218.17 303.83 1
218.33 303.67 1
218.5 303.5 1
218.67 303.5 1
218.83 303.5 1
219.0 303.5 1
222.17 306.17 1
225.33 308.83 1
228.5 311.5 1
228.67 311.67 1
228.83 311.83 1
229.0 312.0 1
228.67 312.5 1
228.33 313.0 1
228.0 313.5 1
227.83 314.0 1
227.67 314.5 1
227.5 315.0 1
227.33 315.67 1
227.17 316.33 1
227.0 317.0 1
227.0 317.5 1
227.0 318.0 1
227.0 318.5 1
226.33 320.17 1
225.67 321.83 1
225.0 323.5 1
225.0 324.5 1
225.0 325.5 1
225.0 326.5 1
225.17 327.17 1
225.33 327.83 1
225.5 328.5 1
225.67 327.67 1
225.83 326.83 1
226.0 326.0 1
226.17 327.5 1
226.33 329.0 1
226.5 330.5 1
226.5 330.67 1
226.5 330.83 1
226.5 331.0 1
226.67 331.5 1
226.83 332.0 1
227.0 332.5 1
227.17 332.0 1
227.33 331.5 1
227.5 331.0 1
228.0 331.5 1
228.5 332.0 1
229.0 332.5 1
229.17 332.5 1
229.33 332.5 1
229.5 332.5 1
230.17 332.67 1
230.83 332.83 1
231.5 333.0 1
232.33 333.17 1
233.17 333.33 1
234.0 333.5 1
234.67 333.67 1
235.33 333.83 1
236.0 334.0 1
237.5 334.67 1
239.0 335.33 1
240.5 336.0 1
243.83 337.67 1
247.17 339.33 1
250.5 341.0 1
251.5 341.33 1
252.5 341.67 1
253.5 342.0 1
254.17 342.33 1
254.83 342.67 1
255.5 343.0 1
256.5 343.17 1
257.5 343.33 1
258.5 343.5 1
259.17 344.17 1
259.83 344.83 1
260.5 345.5 1
261.33 345.67 1
262.17 345.83 1
263.0 346.0 1
264.0 346.5 1
265.0 347.0 1
266.0 347.5 1
266.83 348.33 1
267.67 349.17 1
268.5 350.0 1
268.5 350.67 1
268.5 351.33 1
268.5 352.0 1
268.5 353.67 1
268.5 355.33 1
268.5 357.0 1
269.17 357.5 1
269.83 358.0 1
270.5 358.5 1
271.5 359.0 1
272.5 359.5 1
273.5 360.0 1
274.33 360.33 1
275.17 360.67 1
276.0 361.0 1
276.67 361.17 1
277.33 361.33 1
278.0 361.5 1
279.17 361.67 1
280.33 361.83 1
281.5 362.0 1
282.5 362.33 1
283.5 362.67 1
284.5 363.0 1
286.0 363.33 1
287.5 363.67 1
289.0 364.0 1
290.5 364.33 1
292.0 364.67 1
293.5 365.0 1
295.0 365.17 1
296.5 365.33 1
298.0 365.5 1
299.33 366.0 1
300.67 366.5 1
302.0 367.0 1
303.17 367.0 1
304.33 367.0 1
305.5 367.0 1
306.67 367.17 1
307.83 367.33 1
309.0 367.5 1
310.33 368.0 1
311.67 368.5 1
313.0 369.0 1
314.0 369.17 1
315.0 369.33 1
316.0 369.5 1
317.17 369.5 1
318.33 369.5 1
319.5 369.5 1
320.5 369.83 1
321.5 370.17 1
322.5 370.5 1
323.67 371.17 1
324.83 371.83 1
326.0 372.5 1
326.83 372.17 1
327.67 371.83 1
328.5 371.5 1
329.33 371.5 1
330.17 371.5 1
331.0 371.5 1
331.67 371.5 1
332.33 371.5 1
333.0 371.5 1
333.67 371.83 1
334.33 372.17 1
335.0 372.5 1
337.0 372.17 1
339.0 371.83 1
341.0 371.5 1
342.17 371.0 1
343.33 370.5 1
344.5 370.0 1
345.0 370.17 1
345.5 370.33 1
346.0 370.5 1
346.33 370.33 1
346.67 370.17 1
347.0 370.0 1
347.67 369.83 1
348.33 369.67 1
349.0 369.5 1
349.5 369.33 1
350.0 369.17 1
350.5 369.0 1
351.0 368.83 1
351.5 368.67 1
352.0 368.5 1
352.33 367.0 1
352.67 365.5 1
353.0 364.0 1
354.33 365.33 1
355.67 366.67 1
357.0 368.0 1
358.17 366.5 1
359.33 365.0 1
360.5 363.5 1
361.0 363.33 1
361.5 363.17 1
362.0 363.0 1
362.33 362.33 1
362.67 361.67 1
363.0 361.0 1
363.33 360.0 1
363.67 359.0 1
364.0 358.0 1
364.33 356.83 1
364.67 355.67 1
365.0 354.5 1
365.5 357.33 1
366.0 360.17 1
366.5 363.0 1
367.17 361.0 1
367.83 359.0 1
368.5 357.0 1
369.0 358.33 1
369.5 359.67 1
370.0 361.0 1
372.67 356.83 1
375.33 352.67 1
378.0 348.5 1
378.5 349.17 1
379.0 349.83 1
379.5 350.5 1
379.83 350.33 1
380.17 350.17 1
380.5 350.0 1
381.17 349.5 1
381.83 349.0 1
382.5 348.5 1
382.67 348.17 1
382.83 347.83 1
383.0 347.5 1
383.5 346.83 1
384.0 346.17 1
384.5 345.5 1
384.83 344.67 1
385.17 343.83 1
385.5 343.0 1
385.67 342.33 1
385.83 341.67 1
386.0 341.0 1
386.5 340.17 1
387.0 339.33 1
387.5 338.5 1
387.83 337.5 1
388.17 336.5 1
388.5 335.5 1
388.67 334.67 1
388.83 333.83 1
389.0 333.0 1
389.0 332.33 1
389.0 331.67 1
389.0 331.0 1
389.0 330.67 1
389.0 330.33 1
389.0 330.0 1
388.5 329.83 1
388.0 329.67 1
387.5 329.5 1
383.83 330.0 1
380.17 330.5 1
376.5 331.0 1
373.83 331.33 1
371.17 331.67 1
368.5 332.0 1
367.67 332.0 1
366.83 332.0 1
366.0 332.0 1
365.5 331.67 1
365.0 331.33 1
364.5 331.0 1
363.5 330.67 1
362.5 330.33 1
361.5 330.0 1
357.5 330.17 1
353.5 330.33 1
349.5 330.5 1
348.5 330.5 1
347.5 330.5 1
346.5 330.5 1
345.33 330.5 1
344.17 330.5 1
343.0 330.5 1
342.0 330.33 1
341.0 330.17 1
340.0 330.0 1
339.17 330.0 1
338.33 330.0 1
337.5 330.0 1
336.33 330.0 1
335.17 330.0 1
334.0 330.0 1
332.33 329.67 1
330.67 329.33 1
329.0 329.0 1
327.67 328.67 1
326.33 328.33 1
325.0 328.0 1
323.5 327.83 1
322.0 327.67 1
320.5 327.5 1
318.67 327.0 1
316.83 326.5 1
315.0 326.0 1
312.83 325.5 1
310.67 325.0 1
308.5 324.5 1
307.33 324.17 1
306.17 323.83 1
305.0 323.5 1
303.83 323.17 1
302.67 322.83 1
301.5 322.5 1
301.5 323.0 1
301.5 323.5 1
301.5 324.0 1
300.83 324.33 1
300.17 324.67 1
299.5 325.0 1
298.5 324.67 1
297.5 324.33 1
296.5 324.0 1
295.5 323.83 1
294.5 323.67 1
293.5 323.5 1
292.5 323.67 1
291.5 323.83 1
290.5 324.0 1
289.33 323.67 1
288.17 323.33 1
287.0 323.0 1
286.17 322.83 1
285.33 322.67 1
284.5 322.5 1
283.67 322.33 1
282.83 322.17 1
282.0 322.0 1
281.0 321.83 1
280.0 321.67 1
279.0 321.5 1
278.17 321.33 1
277.33 321.17 1
276.5 321.0 1
273.0 320.67 1
269.5 320.33 1
266.0 320.0 1
265.5 319.83 1
265.0 319.67 1
264.5 319.5 1
263.83 319.17 1
263.17 318.83 1
262.5 318.5 1
261.83 318.83 1
261.17 319.17 1
260.5 319.5 1
259.83 319.33 1
259.17 319.17 1
258.5 319.0 1
257.83 318.33 1
257.17 317.67 1
256.5 317.0 1
255.83 316.83 1
255.17 316.67 1
254.5 316.5 1
253.5 316.0 1
252.5 315.5 1
251.5 315.0 1
250.83 315.33 1
250.17 315.67 1
249.5 316.0 1
248.67 316.17 1
247.83 316.33 1
247.0 316.5 1
246.33 316.33 1
245.67 316.17 1
245.0 316.0 1
244.5 315.83 1
244.0 315.67 1
243.5 315.5 1
242.83 314.67 1
242.17 313.83 1
241.5 313.0 1
241.17 313.83 1
240.83 314.67 1
240.5 315.5 1
240.0 315.83 1
239.5 316.17 1
239.0 316.5 1
238.0 315.33 1
237.0 314.17 1
236.0 313.0 1
235.67 313.83 1
235.33 314.67 1
235.0 315.5 1
234.5 315.5 1
234.0 315.5 1
233.5 315.5 1
231.17 315.67 1
228.83 315.83 1
226.5 316.0 1
226.17 316.0 1
225.83 316.0 1
225.5 316.0 1
225.17 315.67 1
224.83 315.33 1
224.5 315.0 1
224.33 315.0 1
224.17 315.0 1
224.0 315.0 1
224.0 314.67 1
224.0 314.33 1
224.0 314.0 1
223.67 313.67 1
223.33 313.33 1
223.0 313.0 1
223.0 312.67 1
223.0 312.33 1
223.0 312.0 1
222.83 311.33 1
222.67 310.67 1
222.5 310.0 1
222.33 309.5 1
222.17 309.0 1
222.0 308.5 1
222.0 307.5 1
222.0 306.5 1
222.0 305.5 1
222.0 304.67 1
222.0 303.83 1
222.0 303.0 1
222.0 301.83 1
222.0 300.67 1
222.0 299.5 1
222.0 298.83 1
222.0 298.17 1
222.0 297.5 1
221.67 296.0 1
221.33 294.5 1
221.0 293.0 1
221.17 291.17 1
221.33 289.33 1
221.5 287.5 1
221.67 286.83 1
221.83 286.17 1
222.0 285.5 1
222.17 285.0 1
222.33 284.5 1
222.5 284.0 1
222.5 283.17 1
222.5 282.33 1
222.5 281.5 1
222.83 281.0 1
223.17 280.5 1
223.5 280.0 1
223.5 279.33 1
223.5 278.67 1
223.5 278.0 1
224.0 277.67 1
224.5 277.33 1
225.0 277.0 1
225.33 276.33 1
225.67 275.67 1
226.0 275.0 1
226.5 274.5 1
227.0 274.0 1
227.5 273.5 1
228.0 272.83 1
228.5 272.17 1
229.0 271.5 1
229.5 271.5 1
230.0 271.5 1
230.5 271.5 1
233.83 272.17 1
237.17 272.83 1
240.5 273.5 1
241.33 273.5 1
242.17 273.5 1
243.0 273.5 1
244.0 273.67 1
245.0 273.83 1
246.0 274.0 1
246.67 274.33 1
247.33 274.67 1
248.0 275.0 1
249.0 275.0 1
250.0 275.0 1
251.0 275.0 1
252.0 274.83 1
253.0 274.67 1
254.0 274.5 1
255.0 274.67 1
256.0 274.83 1
257.0 275.0 1
258.33 275.5 1
259.67 276.0 1
261.0 276.5 1
262.0 276.67 1
263.0 276.83 1
264.0 277.0 1
265.0 277.0 1
266.0 277.0 1
267.0 277.0 1
268.0 277.33 1
269.0 277.67 1
270.0 278.0 1
270.17 279.33 1
270.33 280.67 1
270.5 282.0 1
271.5 282.5 1
272.5 283.0 1
273.5 283.5 1
275.0 283.83 1
276.5 284.17 1
278.0 284.5 1
279.33 284.67 1
280.67 284.83 1
282.0 285.0 1
283.33 285.17 1
284.67 285.33 1
286.0 285.5 1
287.33 285.83 1
288.67 286.17 1
290.0 286.5 1
291.83 287.0 1
293.67 287.5 1
295.5 288.0 1
296.67 288.17 1
297.83 288.33 1
299.0 288.5 1
300.67 289.33 1
302.33 290.17 1
304.0 291.0 1
305.33 291.17 1
306.67 291.33 1
308.0 291.5 1
309.33 292.0 1
310.67 292.5 1
312.0 293.0 1
313.33 293.5 1
314.67 294.0 1
316.0 294.5 1
317.5 294.83 1
319.0 295.17 1
320.5 295.5 1
321.83 296.0 1
323.17 296.5 1
324.5 297.0 1
325.67 297.17 1
326.83 297.33 1
328.0 297.5 1
329.5 297.83 1
331.0 298.17 1
332.5 298.5 1
333.67 298.83 1
334.83 299.17 1
336.0 299.5 1
337.17 299.83 1
338.33 300.17 1
339.5 300.5 1
341.0 301.0 1
342.5 301.5 1
344.0 302.0 1
346.83 303.0 1
349.67 304.0 1
352.5 305.0 1
354.33 305.5 1
356.17 306.0 1
358.0 306.5 1
359.17 306.5 1
360.33 306.5 1
361.5 306.5 1
362.67 306.83 1
363.83 307.17 1
365.0 307.5 1
366.17 307.33 1
367.33 307.17 1
368.5 307.0 1
369.33 307.0 1
370.17 307.0 1
371.0 307.0 1
371.83 307.0 1
372.67 307.0 1
373.5 307.0 1
373.83 307.0 1
374.17 307.0 1
374.5 307.0 1
375.33 307.33 1
376.17 307.67 1
377.0 308.0 1
377.67 307.83 1
378.33 307.67 1
379.0 307.5 1
379.5 307.5 1
380.0 307.5 1
380.5 307.5 1
381.17 307.33 1
381.83 307.17 1
382.5 307.0 1
382.83 306.83 1
383.17 306.67 1
383.5 306.5 1
384.0 306.5 1
384.5 306.5 1
385.0 306.5 1
385.33 306.5 1
385.67 306.5 1
386.0 306.5 1
386.33 306.67 1
386.67 306.83 1
387.0 307.0 1
387.0 307.33 1
387.0 307.67 1
387.0 308.0 1
387.17 307.67 1
387.33 307.33 1
387.5 307.0 1
387.5 307.0 1
387.5 307.0 1
387.5 307.0 1
387.67 307.0 1
387.83 307.0 1
388.0 307.0 1
388.17 306.67 1
388.33 306.33 1
388.5 306.0 1
388.5 305.67 1
388.5 305.33 1
388.5 305.0 1
388.5 304.67 1
388.5 304.33 1
388.5 304.0 1
388.5 303.5 1
388.5 303.0 1
388.5 302.5 1
388.83 301.67 1
389.17 300.83 1
389.5 300.0 1
390.0 299.0 1
390.5 298.0 1
391.0 297.0 1
391.5 296.5 1
392.0 296.0 1
392.5 295.5 1
392.33 294.83 1
392.17 294.17 1
392.0 293.5 1
392.17 293.0 1
392.33 292.5 1
392.5 292.0 1
392.67 291.67 1
392.83 291.33 1
393.0 291.0 1
393.0 290.67 1
393.0 290.33 1
393.0 290.0 1
393.17 289.5 1
393.33 289.0 1
393.5 288.5 1
394.5 287.17 1
395.5 285.83 1
396.5 284.5 1
396.83 283.83 1
397.17 283.17 1
397.5 282.5 1
397.5 282.17 1
397.5 281.83 1
397.5 281.5 1
397.83 281.17 1
398.17 280.83 1
398.5 280.5 1
398.5 280.33 1
398.5 280.17 1
398.5 280.0 1
397.83 279.83 1
397.17 279.67 1
396.5 279.5 1
396.33 279.67 1
396.17 279.83 1
396.0 280.0 1
395.5 280.0 1
395.0 280.0 1
394.5 280.0 1
394.33 279.83 1
394.17 279.67 1
394.0 279.5 1
393.5 279.5 1
393.0 279.5 1
392.5 279.5 1
391.83 279.17 1
391.17 278.83 1
390.5 278.5 1
389.67 278.33 1
388.83 278.17 1
388.0 278.0 1
387.33 277.83 1
386.67 277.67 1
386.0 277.5 1
384.83 277.17 1
383.67 276.83 1
382.5 276.5 1
381.67 276.17 1
380.83 275.83 1
380.0 275.5 1
378.83 275.0 1
377.67 274.5 1
376.5 274.0 1
375.17 274.33 1
373.83 274.67 1
372.5 275.0 1
371.5 274.67 1
370.5 274.33 1
369.5 274.0 1
368.5 273.67 1
367.5 273.33 1
366.5 273.0 1
365.33 272.5 1
364.17 272.0 1
363.0 271.5 1
361.17 270.83 1
359.33 270.17 1
357.5 269.5 1
356.0 269.0 1
354.5 268.5 1
353.0 268.0 1
351.67 267.67 1
350.33 267.33 1
349.0 267.0 1
347.33 266.5 1
345.67 266.0 1
344.0 265.5 1
342.5 265.33 1
341.0 265.17 1
339.5 265.0 1
338.17 264.83 1
336.83 264.67 1
335.5 264.5 1
333.33 264.0 1
331.17 263.5 1
329.0 263.0 1
327.17 262.5 1
325.33 262.0 1
323.5 261.5 1
322.0 261.17 1
320.5 260.83 1
319.0 260.5 1
317.5 260.17 1
316.0 259.83 1
314.5 259.5 1
313.0 259.5 1
311.5 259.5 1
310.0 259.5 1
308.67 259.0 1
307.33 258.5 1
306.0 258.0 1
304.83 257.83 1
303.67 257.67 1
302.5 257.5 1
300.67 257.0 1
298.83 256.5 1
297.0 256.0 1
295.67 255.83 1
294.33 255.67 1
293.0 255.5 1
290.67 257.0 1
288.33 258.5 1
286.0 260.0 1
284.83 260.17 1
283.67 260.33 1
282.5 260.5 1
281.33 260.33 1
280.17 260.17 1
279.0 260.0 1
278.0 260.0 1
277.0 260.0 1
276.0 260.0 1
275.17 260.17 1
274.33 260.33 1
273.5 260.5 1
272.67 260.33 1
271.83 260.17 1
271.0 260.0 1
270.17 259.83 1
269.33 259.67 1
268.5 259.5 1
267.67 259.17 1
266.83 258.83 1
266.0 258.5 1
265.17 258.67 1
264.33 258.83 1
263.5 259.0 1
262.5 258.67 1
261.5 258.33 1
260.5 258.0 1
259.67 258.0 1
258.83 258.0 1
258.0 258.0 1
257.17 257.67 1
256.33 257.33 1
255.5 257.0 1
254.5 257.0 1
253.5 257.0 1
252.5 257.0 1
252.0 257.0 1
251.5 257.0 1
251.0 257.0 1
250.17 256.83 1
249.33 256.67 1
248.5 256.5 1
247.67 256.83 1
246.83 257.17 1
246.0 257.5 1
245.5 257.5 1
245.0 257.5 1
244.5 257.5 1
244.0 257.83 1
243.5 258.17 1
243.0 258.5 1
242.83 258.17 1
242.67 257.83 1
242.5 257.5 1
241.83 257.5 1
241.17 257.5 1
240.5 257.5 1
240.17 257.5 1
239.83 257.5 1
239.5 257.5 1
239.17 257.33 1
238.83 257.17 1
238.5 257.0 1
238.17 256.5 1
237.83 256.0 1
237.5 255.5 1
236.67 252.83 1
235.83 250.17 1
235.0 247.5 1
235.33 246.83 1
235.67 246.17 1
236.0 245.5 1
236.0 244.67 1
236.0 243.83 1
236.0 243.0 1
235.83 243.0 1
235.67 243.0 1
235.5 243.0 1
235.67 243.0 1
235.83 243.0 1
236.0 243.0 1
