290.76923076923083 193.84615384615384 1
290.76923076923083 193.84615384615384 1
290.76923076923083 193.84615384615384 1
290.76923076923083 193.84615384615384 1
290.76923076923083 193.84615384615384 1
286.15384615384613 192.6923076923077 1
280.0 155.76923076923075 1
280.0 155.76923076923075 1
278.46153846153845 156.9230769230769 1
278.46153846153845 156.9230769230769 1
278.46153846153845 156.9230769230769 1
278.46153846153845 156.9230769230769 1
278.46153846153845 156.9230769230769 1
278.46153846153845 156.9230769230769 1
278.46153846153845 156.9230769230769 1
275.38461538461536 156.9230769230769 1
261.53846153846155 154.61538461538458 1
261.53846153846155 153.46153846153842 1
235.38461538461542 161.53846153846158 1
275.38461538461536 153.46153846153842 1
269.23076923076917 152.30769230769232 1
269.23076923076917 152.30769230769232 1
269.23076923076917 152.30769230769232 1
269.23076923076917 152.30769230769232 1
269.23076923076917 152.30769230769232 1
241.53846153846158 156.9230769230769 1
160.0 201.9230769230769 1
141.53846153846158 215.7692307692308 1
141.53846153846158 215.7692307692308 1
141.53846153846158 214.61538461538458 1
141.53846153846158 214.61538461538458 1
141.53846153846158 213.46153846153842 1
141.53846153846158 211.15384615384616 1
141.53846153846158 210.0 1
141.53846153846158 210.0 1
141.53846153846158 210.0 1
141.53846153846158 210.0 1
141.53846153846158 210.0 1
144.61538461538458 205.38461538461542 1
144.61538461538458 205.38461538461542 1
146.15384615384616 205.38461538461542 1
146.15384615384616 205.38461538461542 1
152.30769230769232 200.7692307692308 1
218.46153846153842 173.0769230769231 1
256.9230769230769 155.76923076923075 1
255.38461538461542 154.61538461538458 1
255.38461538461542 154.61538461538458 1
255.38461538461542 153.46153846153842 1
255.38461538461542 153.46153846153842 1
255.38461538461542 153.46153846153842 1
284.61538461538464 145.38461538461542 1
284.61538461538464 146.53846153846158 1
286.15384615384613 146.53846153846158 1
286.15384615384613 146.53846153846158 1
286.15384615384613 146.53846153846158 1
286.15384615384613 146.53846153846158 1
292.3076923076923 144.23076923076925 1
333.84615384615387 144.23076923076925 1
384.6153846153846 155.76923076923075 1
381.5384615384616 154.61538461538458 1
413.8461538461538 163.84615384615384 1
410.76923076923083 163.84615384615384 1
410.76923076923083 163.84615384615384 1
410.76923076923083 163.84615384615384 1
410.76923076923083 163.84615384615384 1
410.76923076923083 163.84615384615384 1
410.76923076923083 163.84615384615384 1
410.76923076923083 163.84615384615384 1
410.76923076923083 163.84615384615384 1
410.76923076923083 163.84615384615384 1
410.76923076923083 163.84615384615384 1
410.76923076923083 163.84615384615384 1
410.76923076923083 163.84615384615384 1
410.76923076923083 163.84615384615384 1
410.76923076923083 163.84615384615384 1
376.92307692307685 161.53846153846158 1
316.92307692307685 153.46153846153842 1
316.92307692307685 153.46153846153842 1
316.92307692307685 152.30769230769232 1
316.92307692307685 152.30769230769232 1
316.92307692307685 152.30769230769232 1
316.92307692307685 150.0 1
316.92307692307685 150.0 1
267.6923076923077 151.15384615384616 1
270.76923076923083 148.84615384615384 1
270.76923076923083 148.84615384615384 1
270.76923076923083 148.84615384615384 1
270.76923076923083 148.84615384615384 1
270.76923076923083 148.84615384615384 1
270.76923076923083 148.84615384615384 1
270.76923076923083 148.84615384615384 1
270.76923076923083 148.84615384615384 1
270.76923076923083 148.84615384615384 1
270.76923076923083 148.84615384615384 1
270.76923076923083 148.84615384615384 1
270.76923076923083 148.84615384615384 1
270.76923076923083 148.84615384615384 1
270.76923076923083 148.84615384615384 1
270.76923076923083 148.84615384615384 1
186.15384615384616 177.6923076923077 1
164.61538461538458 190.38461538461542 1
164.61538461538458 190.38461538461542 1
164.61538461538458 190.38461538461542 1
164.61538461538458 190.38461538461542 1
164.61538461538458 190.38461538461542 1
164.61538461538458 190.38461538461542 1
164.61538461538458 186.9230769230769 1
144.61538461538458 198.46153846153842 1
133.84615384615384 208.84615384615384 1
133.84615384615384 208.84615384615384 1
133.84615384615384 208.84615384615384 1
133.84615384615384 208.84615384615384 1
133.84615384615384 208.84615384615384 1
133.84615384615384 208.84615384615384 1
133.84615384615384 208.84615384615384 1
133.84615384615384 208.84615384615384 1
133.84615384615384 208.84615384615384 1
133.84615384615384 208.84615384615384 1
133.84615384615384 208.84615384615384 1
133.84615384615384 208.84615384615384 1
133.84615384615384 208.84615384615384 1
133.84615384615384 208.84615384615384 1
176.9230769230769 190.38461538461542 1
269.23076923076917 150.0 1
267.6923076923077 148.84615384615384 1
267.6923076923077 148.84615384615384 1
267.6923076923077 148.84615384615384 1
267.6923076923077 148.84615384615384 1
267.6923076923077 147.69230769230768 1
275.38461538461536 145.38461538461542 1
295.38461538461536 141.9230769230769 1
295.38461538461536 140.76923076923075 1
295.38461538461536 140.76923076923075 1
295.38461538461536 140.76923076923075 1
293.84615384615387 140.76923076923075 1
298.46153846153845 140.76923076923075 1
364.6153846153846 148.84615384615384 1
392.3076923076923 161.53846153846158 1
407.6923076923077 163.84615384615384 1
407.6923076923077 163.84615384615384 1
407.6923076923077 163.84615384615384 1
424.6153846153846 169.61538461538458 1
435.3846153846154 171.9230769230769 1
421.5384615384616 167.30769230769232 1
426.1538461538461 167.30769230769232 1
440.0 171.9230769230769 1
440.0 171.9230769230769 1
440.0 171.9230769230769 1
440.0 171.9230769230769 1
440.0 171.9230769230769 1
440.0 171.9230769230769 1
446.1538461538461 171.9230769230769 1
446.1538461538461 171.9230769230769 1
446.1538461538461 171.9230769230769 1
446.1538461538461 168.46153846153842 1
446.1538461538461 168.46153846153842 1
446.1538461538461 168.46153846153842 1
446.1538461538461 168.46153846153842 1
441.5384615384616 166.15384615384616 1
358.46153846153845 147.69230769230768 1
247.6923076923077 148.84615384615384 0
247.6923076923077 148.84615384615384 0
261.53846153846155 147.69230769230768 1
267.6923076923077 146.53846153846158 1
267.6923076923077 146.53846153846158 1
267.6923076923077 145.38461538461542 1
281.53846153846155 146.53846153846158 1
281.53846153846155 146.53846153846158 1
281.53846153846155 146.53846153846158 1
281.53846153846155 146.53846153846158 1
281.53846153846155 146.53846153846158 0
281.53846153846155 146.53846153846158 1
280.0 146.53846153846158 1
280.0 146.53846153846158 1
280.0 146.53846153846158 1
280.0 146.53846153846158 1
280.0 145.38461538461542 1
280.0 145.38461538461542 1
280.0 145.38461538461542 0
273.84615384615387 136.15384615384616 1
273.84615384615387 136.15384615384616 1
273.84615384615387 136.15384615384616 1
273.84615384615387 136.15384615384616 1
273.84615384615387 136.15384615384616 1
273.84615384615387 136.15384615384616 1
273.84615384615387 136.15384615384616 1
273.84615384615387 136.15384615384616 1
273.84615384615387 136.15384615384616 1
273.84615384615387 136.15384615384616 1
273.84615384615387 136.15384615384616 1
280.0 139.61538461538458 1
280.0 139.61538461538458 1
280.0 139.61538461538458 1
280.0 139.61538461538458 1
280.0 139.61538461538458 1
280.0 139.61538461538458 1
280.0 139.61538461538458 1
280.0 139.61538461538458 1
280.0 139.61538461538458 1
280.0 139.61538461538458 1
280.0 139.61538461538458 1
280.0 139.61538461538458 1
272.3076923076923 139.61538461538458 1
272.3076923076923 139.61538461538458 1
272.3076923076923 139.61538461538458 1
272.3076923076923 139.61538461538458 1
272.3076923076923 139.61538461538458 1
272.3076923076923 139.61538461538458 1
272.3076923076923 139.61538461538458 1
272.3076923076923 139.61538461538458 1
272.3076923076923 139.61538461538458 0
272.3076923076923 139.61538461538458 0
272.3076923076923 139.61538461538458 1
272.3076923076923 139.61538461538458 0
272.3076923076923 139.61538461538458 0
272.3076923076923 139.61538461538458 1
272.3076923076923 139.61538461538458 1
272.3076923076923 139.61538461538458 1
272.3076923076923 139.61538461538458 1
272.3076923076923 139.61538461538458 1
272.3076923076923 139.61538461538458 1
272.3076923076923 139.61538461538458 1
272.3076923076923 139.61538461538458 1
272.3076923076923 139.61538461538458 1
272.3076923076923 139.61538461538458 1
272.3076923076923 139.61538461538458 1
272.3076923076923 139.61538461538458 1
272.3076923076923 139.61538461538458 1
272.3076923076923 139.61538461538458 1
272.3076923076923 139.61538461538458 1
272.3076923076923 139.61538461538458 1
272.3076923076923 139.61538461538458 1
272.3076923076923 139.61538461538458 1
269.23076923076917 140.76923076923075 1
176.9230769230769 178.84615384615384 1
175.38461538461542 181.15384615384616 1
175.38461538461542 181.15384615384616 1
175.38461538461542 181.15384615384616 1
160.0 190.38461538461542 1
149.23076923076925 197.3076923076923 1
149.23076923076925 198.46153846153842 1
136.9230769230769 211.15384615384616 1
133.84615384615384 214.61538461538458 1
133.84615384615384 214.61538461538458 1
133.84615384615384 214.61538461538458 1
133.84615384615384 213.46153846153842 1
133.84615384615384 213.46153846153842 1
133.84615384615384 213.46153846153842 1
136.9230769230769 213.46153846153842 1
136.9230769230769 213.46153846153842 1
136.9230769230769 213.46153846153842 1
136.9230769230769 213.46153846153842 1
136.9230769230769 213.46153846153842 1
136.9230769230769 213.46153846153842 1
136.9230769230769 213.46153846153842 1
136.9230769230769 213.46153846153842 1
141.53846153846158 208.84615384615384 1
186.15384615384616 189.23076923076923 1
300.0 150.0 0
300.0 151.15384615384616 0
300.0 151.15384615384616 0
286.15384615384613 144.23076923076925 1
286.15384615384613 144.23076923076925 1
286.15384615384613 144.23076923076925 1
286.15384615384613 144.23076923076925 1
286.15384615384613 144.23076923076925 1
286.15384615384613 144.23076923076925 1
286.15384615384613 144.23076923076925 1
286.15384615384613 144.23076923076925 1
286.15384615384613 141.9230769230769 1
286.15384615384613 141.9230769230769 1
286.15384615384613 140.76923076923075 0
286.15384615384613 140.76923076923075 1
286.15384615384613 140.76923076923075 1
281.53846153846155 140.76923076923075 1
281.53846153846155 140.76923076923075 1
281.53846153846155 140.76923076923075 1
278.46153846153845 140.76923076923075 1
278.46153846153845 140.76923076923075 1
278.46153846153845 140.76923076923075 1
278.46153846153845 140.76923076923075 1
278.46153846153845 140.76923076923075 1
278.46153846153845 140.76923076923075 1
278.46153846153845 140.76923076923075 1
278.46153846153845 140.76923076923075 1
278.46153846153845 140.76923076923075 1
278.46153846153845 140.76923076923075 1
278.46153846153845 140.76923076923075 1
278.46153846153845 140.76923076923075 1
278.46153846153845 140.76923076923075 1
284.61538461538464 138.46153846153842 1
292.3076923076923 139.61538461538458 1
381.5384615384616 150.0 1
381.5384615384616 150.0 1
381.5384615384616 150.0 1
381.5384615384616 150.0 1
381.5384615384616 150.0 1
381.5384615384616 150.0 1
381.5384615384616 150.0 1
381.5384615384616 150.0 1
381.5384615384616 150.0 1
381.5384615384616 150.0 1
381.5384615384616 150.0 1
381.5384615384616 150.0 1
381.5384615384616 150.0 1
381.5384615384616 150.0 1
381.5384615384616 148.84615384615384 1
381.5384615384616 148.84615384615384 1
381.5384615384616 148.84615384615384 1
381.5384615384616 148.84615384615384 1
381.5384615384616 148.84615384615384 1
381.5384615384616 148.84615384615384 1
301.53846153846155 146.53846153846158 1
295.38461538461536 143.0769230769231 1
295.38461538461536 143.0769230769231 1
295.38461538461536 141.9230769230769 1
295.38461538461536 141.9230769230769 1
295.38461538461536 141.9230769230769 1
295.38461538461536 141.9230769230769 1
295.38461538461536 141.9230769230769 1
295.38461538461536 141.9230769230769 1
270.76923076923083 143.0769230769231 1
272.3076923076923 143.0769230769231 1
272.3076923076923 143.0769230769231 1
272.3076923076923 143.0769230769231 1
272.3076923076923 143.0769230769231 1
272.3076923076923 143.0769230769231 1
272.3076923076923 143.0769230769231 1
292.3076923076923 178.84615384615384 1
293.84615384615387 192.6923076923077 1
290.76923076923083 190.38461538461542 1
290.76923076923083 190.38461538461542 1
290.76923076923083 190.38461538461542 1
289.23076923076917 185.7692307692308 1
278.46153846153845 144.23076923076925 1
278.46153846153845 139.61538461538458 1
278.46153846153845 139.61538461538458 1
278.46153846153845 139.61538461538458 1
276.9230769230769 139.61538461538458 1
276.9230769230769 139.61538461538458 1
276.9230769230769 139.61538461538458 1
276.9230769230769 139.61538461538458 1
276.9230769230769 139.61538461538458 1
276.9230769230769 139.61538461538458 1
276.9230769230769 139.61538461538458 1
275.38461538461536 135.0 1
276.9230769230769 135.0 1
276.9230769230769 135.0 1
276.9230769230769 135.0 1
276.9230769230769 135.0 1
276.9230769230769 135.0 1
276.9230769230769 135.0 1
275.38461538461536 135.0 1
247.6923076923077 144.23076923076925 1
192.3076923076923 170.76923076923075 1
186.15384615384616 185.7692307692308 1
186.15384615384616 184.61538461538458 1
186.15384615384616 184.61538461538458 1
186.15384615384616 184.61538461538458 1
186.15384615384616 184.61538461538458 1
186.15384615384616 184.61538461538458 1
163.0769230769231 188.0769230769231 1
163.0769230769231 188.0769230769231 1
163.0769230769231 188.0769230769231 1
164.61538461538458 181.15384615384616 1
229.23076923076923 144.23076923076925 1
249.23076923076923 138.46153846153842 1
249.23076923076923 138.46153846153842 1
283.07692307692315 116.53846153846152 1
286.15384615384613 107.30769230769229 1
303.07692307692315 85.38461538461539 1
304.61538461538464 85.38461538461539 1
304.61538461538464 85.38461538461539 1
304.61538461538464 85.38461538461539 1
304.61538461538464 85.38461538461539 1
296.92307692307685 85.38461538461539 1
289.23076923076917 78.46153846153847 1
289.23076923076917 78.46153846153847 1
289.23076923076917 78.46153846153847 1
289.23076923076917 78.46153846153847 1
289.23076923076917 78.46153846153847 1
289.23076923076917 78.46153846153847 1
289.23076923076917 78.46153846153847 1
284.61538461538464 125.76923076923076 1
283.07692307692315 131.53846153846158 1
283.07692307692315 131.53846153846158 1
283.07692307692315 131.53846153846158 1
283.07692307692315 131.53846153846158 1
283.07692307692315 131.53846153846158 1
283.07692307692315 136.15384615384616 1
283.07692307692315 152.30769230769232 1
283.07692307692315 152.30769230769232 1
283.07692307692315 152.30769230769232 1
283.07692307692315 152.30769230769232 1
283.07692307692315 152.30769230769232 1
283.07692307692315 152.30769230769232 1
283.07692307692315 152.30769230769232 1
278.46153846153845 159.23076923076925 1
267.6923076923077 222.6923076923077 1
276.9230769230769 236.53846153846158 1
275.38461538461536 233.0769230769231 1
275.38461538461536 233.0769230769231 1
275.38461538461536 230.7692307692308 1
275.38461538461536 230.7692307692308 1
275.38461538461536 230.7692307692308 1
275.38461538461536 230.7692307692308 1
275.38461538461536 230.7692307692308 1
275.38461538461536 230.7692307692308 1
275.38461538461536 230.7692307692308 1
275.38461538461536 230.7692307692308 1
275.38461538461536 230.7692307692308 1
275.38461538461536 230.7692307692308 1
275.38461538461536 230.7692307692308 1
275.38461538461536 230.7692307692308 1
275.38461538461536 230.7692307692308 1
275.38461538461536 230.7692307692308 1
261.53846153846155 218.0769230769231 1
252.3076923076923 189.23076923076923 1
253.84615384615384 188.0769230769231 1
253.84615384615384 184.61538461538458 1
270.76923076923083 155.76923076923075 1
270.76923076923083 155.76923076923075 1
270.76923076923083 155.76923076923075 1
270.76923076923083 155.76923076923075 1
270.76923076923083 155.76923076923075 1
270.76923076923083 155.76923076923075 1
275.38461538461536 150.0 1
275.38461538461536 150.0 1
275.38461538461536 150.0 1
275.38461538461536 150.0 1
275.38461538461536 150.0 1
244.61538461538458 146.53846153846158 1
161.53846153846158 168.46153846153842 0
141.53846153846158 186.9230769230769 0
155.38461538461542 197.3076923076923 1
155.38461538461542 197.3076923076923 1
155.38461538461542 197.3076923076923 1
155.38461538461542 197.3076923076923 1
155.38461538461542 197.3076923076923 1
155.38461538461542 197.3076923076923 1
155.38461538461542 197.3076923076923 1
155.38461538461542 197.3076923076923 1
155.38461538461542 197.3076923076923 1
155.38461538461542 197.3076923076923 1
155.38461538461542 197.3076923076923 1
155.38461538461542 197.3076923076923 1
155.38461538461542 197.3076923076923 1
155.38461538461542 197.3076923076923 1
161.53846153846158 189.23076923076923 1
221.53846153846158 160.38461538461542 1
223.0769230769231 156.9230769230769 1
256.9230769230769 151.15384615384616 1
256.9230769230769 151.15384615384616 1
255.38461538461542 146.53846153846158 1
260.0 146.53846153846158 1
260.0 146.53846153846158 1
260.0 146.53846153846158 1
263.0769230769231 146.53846153846158 1
280.0 133.84615384615384 1
280.0 133.84615384615384 1
280.0 133.84615384615384 1
280.0 133.84615384615384 1
280.0 133.84615384615384 1
280.0 133.84615384615384 1
280.0 133.84615384615384 1
350.76923076923083 148.84615384615384 1
404.6153846153846 158.0769230769231 1
404.6153846153846 158.0769230769231 1
413.8461538461538 161.53846153846158 1
421.5384615384616 160.38461538461542 1
424.6153846153846 161.53846153846158 1
424.6153846153846 161.53846153846158 1
424.6153846153846 161.53846153846158 1
424.6153846153846 161.53846153846158 1
424.6153846153846 161.53846153846158 1
424.6153846153846 161.53846153846158 1
424.6153846153846 161.53846153846158 1
424.6153846153846 161.53846153846158 1
416.92307692307685 162.69230769230768 1
378.46153846153845 150.0 1
378.46153846153845 150.0 1
378.46153846153845 150.0 1
367.6923076923077 148.84615384615384 1
298.46153846153845 139.61538461538458 1
298.46153846153845 139.61538461538458 1
298.46153846153845 139.61538461538458 1
298.46153846153845 139.61538461538458 1
298.46153846153845 139.61538461538458 1
298.46153846153845 139.61538461538458 1
298.46153846153845 139.61538461538458 1
293.84615384615387 139.61538461538458 1
293.84615384615387 139.61538461538458 1
293.84615384615387 139.61538461538458 1
293.84615384615387 139.61538461538458 1
293.84615384615387 139.61538461538458 1
293.84615384615387 139.61538461538458 1
293.84615384615387 139.61538461538458 1
293.84615384615387 139.61538461538458 1
293.84615384615387 139.61538461538458 1
293.84615384615387 139.61538461538458 1
278.46153846153845 145.38461538461542 1
278.46153846153845 145.38461538461542 1
278.46153846153845 145.38461538461542 1
278.46153846153845 145.38461538461542 1
281.53846153846155 145.38461538461542 1
309.23076923076917 137.30769230769232 1
309.23076923076917 137.30769230769232 1
309.23076923076917 137.30769230769232 1
309.23076923076917 137.30769230769232 1
