286.15384615384613 302.3076923076923 1
286.15384615384613 302.3076923076923 1
286.15384615384613 302.3076923076923 1
286.15384615384613 302.3076923076923 1
306.15384615384613 287.3076923076923 1
326.15384615384613 283.84615384615387 1
335.38461538461536 279.23076923076917 1
360.0 282.6923076923077 1
360.0 282.6923076923077 1
358.46153846153845 282.6923076923077 1
358.46153846153845 282.6923076923077 1
358.46153846153845 282.6923076923077 1
380.0 293.07692307692315 1
410.76923076923083 310.38461538461536 1
423.07692307692315 323.07692307692315 1
423.07692307692315 323.07692307692315 1
369.23076923076917 324.23076923076917 1
295.38461538461536 338.07692307692315 1
295.38461538461536 336.92307692307685 1
296.92307692307685 336.92307692307685 1
296.92307692307685 336.92307692307685 1
296.92307692307685 336.92307692307685 1
260.0 336.92307692307685 1
216.9230769230769 340.38461538461536 1
216.9230769230769 340.38461538461536 1
216.9230769230769 340.38461538461536 1
180.0 350.76923076923083 1
180.0 350.76923076923083 1
152.30769230769232 370.3846153846154 1
152.30769230769232 370.3846153846154 1
152.30769230769232 369.23076923076917 1
152.30769230769232 369.23076923076917 1
152.30769230769232 368.07692307692315 1
152.30769230769232 368.07692307692315 1
152.30769230769232 368.07692307692315 1
152.30769230769232 368.07692307692315 1
152.30769230769232 368.07692307692315 1
152.30769230769232 365.76923076923083 1
152.30769230769232 365.76923076923083 1
223.0769230769231 331.15384615384613 1
324.61538461538464 302.3076923076923 1
375.3846153846154 301.15384615384613 1
372.3076923076923 308.07692307692315 1
355.3846153846154 311.53846153846155 1
355.3846153846154 311.53846153846155 1
355.3846153846154 311.53846153846155 1
355.3846153846154 311.53846153846155 1
350.76923076923083 305.76923076923083 1
284.61538461538464 286.15384615384613 1
284.61538461538464 282.6923076923077 1
253.84615384615384 275.76923076923083 1
250.7692307692308 273.46153846153845 1
235.38461538461542 267.6923076923077 1
232.3076923076923 267.6923076923077 1
232.3076923076923 267.6923076923077 1
232.3076923076923 267.6923076923077 1
232.3076923076923 267.6923076923077 1
232.3076923076923 267.6923076923077 1
232.3076923076923 267.6923076923077 1
232.3076923076923 266.53846153846155 1
276.9230769230769 278.0769230769231 1
321.53846153846155 293.07692307692315 1
163.0769230769231 318.46153846153845 0
341.53846153846155 334.61538461538464 1
289.23076923076917 328.84615384615387 1
289.23076923076917 328.84615384615387 1
289.23076923076917 328.84615384615387 1
289.23076923076917 328.84615384615387 1
289.23076923076917 328.84615384615387 1
289.23076923076917 328.84615384615387 1
289.23076923076917 328.84615384615387 1
298.46153846153845 338.07692307692315 1
300.0 363.46153846153845 1
298.46153846153845 360.0 1
160.0 313.84615384615387 0
275.38461538461536 375.0 1
272.3076923076923 375.0 1
272.3076923076923 375.0 1
278.46153846153845 371.5384615384616 1
287.6923076923077 354.23076923076917 1
287.6923076923077 354.23076923076917 1
287.6923076923077 354.23076923076917 1
287.6923076923077 354.23076923076917 1
287.6923076923077 354.23076923076917 1
287.6923076923077 354.23076923076917 1
284.61538461538464 353.07692307692315 1
136.9230769230769 326.53846153846155 0
147.69230769230768 320.76923076923083 0
156.9230769230769 304.61538461538464 0
263.0769230769231 326.53846153846155 1
263.0769230769231 326.53846153846155 1
263.0769230769231 326.53846153846155 1
287.6923076923077 325.38461538461536 1
349.23076923076917 321.92307692307685 1
350.76923076923083 321.92307692307685 1
350.76923076923083 321.92307692307685 1
349.23076923076917 321.92307692307685 1
349.23076923076917 321.92307692307685 1
349.23076923076917 321.92307692307685 1
349.23076923076917 321.92307692307685 1
349.23076923076917 321.92307692307685 1
361.5384615384616 315.0 1
361.5384615384616 315.0 1
363.07692307692315 315.0 1
363.07692307692315 315.0 1
363.07692307692315 315.0 1
380.0 316.15384615384613 1
380.0 316.15384615384613 1
384.6153846153846 318.46153846153845 1
407.6923076923077 315.0 1
407.6923076923077 315.0 1
329.23076923076917 306.92307692307685 1
256.9230769230769 308.07692307692315 1
213.84615384615384 319.61538461538464 1
186.15384615384616 327.6923076923077 1
186.15384615384616 327.6923076923077 1
164.61538461538458 345.0 1
164.61538461538458 341.53846153846155 1
166.15384615384616 341.53846153846155 1
150.76923076923075 357.6923076923077 1
150.76923076923075 357.6923076923077 1
149.23076923076925 357.6923076923077 1
146.15384615384616 362.3076923076923 1
143.0769230769231 323.07692307692315 0
147.69230769230768 313.84615384615387 0
152.30769230769232 302.3076923076923 0
160.0 305.76923076923083 0
310.76923076923083 332.3076923076923 1
310.76923076923083 332.3076923076923 1
155.38461538461542 320.76923076923083 0
298.46153846153845 332.3076923076923 0
298.46153846153845 334.61538461538464 1
298.46153846153845 334.61538461538464 1
298.46153846153845 334.61538461538464 1
298.46153846153845 334.61538461538464 1
298.46153846153845 334.61538461538464 1
298.46153846153845 334.61538461538464 1
152.30769230769232 324.23076923076917 0
152.30769230769232 312.6923076923077 0
313.84615384615387 327.6923076923077 1
313.84615384615387 327.6923076923077 1
361.5384615384616 326.53846153846155 1
361.5384615384616 326.53846153846155 1
149.23076923076925 330.0 0
166.15384615384616 318.46153846153845 0
363.07692307692315 321.92307692307685 1
360.0 323.07692307692315 1
360.0 323.07692307692315 1
360.0 323.07692307692315 1
360.0 323.07692307692315 1
355.3846153846154 323.07692307692315 1
355.3846153846154 323.07692307692315 1
353.84615384615387 323.07692307692315 1
366.1538461538461 323.07692307692315 1
370.76923076923083 323.07692307692315 1
370.76923076923083 323.07692307692315 1
370.76923076923083 323.07692307692315 1
395.3846153846154 325.38461538461536 1
427.6923076923077 319.61538461538464 0
332.3076923076923 319.61538461538464 1
292.3076923076923 324.23076923076917 1
270.76923076923083 318.46153846153845 1
209.23076923076923 302.3076923076923 1
207.6923076923077 302.3076923076923 1
207.6923076923077 302.3076923076923 1
207.6923076923077 302.3076923076923 1
207.6923076923077 302.3076923076923 1
226.15384615384616 287.3076923076923 1
298.46153846153845 255.0 1
296.92307692307685 256.15384615384613 1
296.92307692307685 256.15384615384613 1
298.46153846153845 246.9230769230769 1
312.3076923076923 244.61538461538458 1
318.46153846153845 245.7692307692308 1
318.46153846153845 245.7692307692308 1
318.46153846153845 245.7692307692308 1
287.6923076923077 295.38461538461536 1
264.61538461538464 334.61538461538464 1
264.61538461538464 332.3076923076923 1
264.61538461538464 331.15384615384613 1
196.9230769230769 331.15384615384613 1
172.3076923076923 336.92307692307685 1
160.0 351.92307692307685 1
163.0769230769231 351.92307692307685 1
163.0769230769231 351.92307692307685 1
163.0769230769231 351.92307692307685 1
166.15384615384616 348.46153846153845 1
166.15384615384616 348.46153846153845 1
166.15384615384616 346.15384615384613 1
166.15384615384616 345.0 1
166.15384615384616 345.0 1
166.15384615384616 345.0 1
167.69230769230768 340.38461538461536 1
193.84615384615384 331.15384615384613 1
195.38461538461542 331.15384615384613 1
183.0769230769231 331.15384615384613 1
140.0 370.3846153846154 1
140.0 388.8461538461538 1
140.0 388.8461538461538 1
140.0 388.8461538461538 1
140.0 386.5384615384616 1
195.38461538461542 368.07692307692315 1
272.3076923076923 347.3076923076923 1
287.6923076923077 345.0 1
318.46153846153845 339.23076923076917 1
330.76923076923083 336.92307692307685 1
330.76923076923083 336.92307692307685 1
330.76923076923083 336.92307692307685 1
366.1538461538461 332.3076923076923 1
366.1538461538461 332.3076923076923 1
364.6153846153846 331.15384615384613 1
390.76923076923083 325.38461538461536 1
216.9230769230769 318.46153846153845 0
429.23076923076917 326.53846153846155 1
429.23076923076917 326.53846153846155 1
426.1538461538461 319.61538461538464 1
420.0 315.0 1
420.0 315.0 1
420.0 315.0 1
420.0 315.0 1
420.0 315.0 1
363.07692307692315 303.46153846153845 1
263.0769230769231 288.46153846153845 1
210.7692307692308 291.92307692307685 0
210.7692307692308 304.61538461538464 1
212.3076923076923 309.23076923076917 1
210.7692307692308 306.92307692307685 1
212.3076923076923 306.92307692307685 1
246.15384615384616 318.46153846153845 1
247.6923076923077 320.76923076923083 1
247.6923076923077 320.76923076923083 1
253.84615384615384 321.92307692307685 1
300.0 297.6923076923077 1
300.0 297.6923076923077 1
300.0 297.6923076923077 1
300.0 297.6923076923077 1
300.0 304.61538461538464 1
273.84615384615387 348.46153846153845 1
273.84615384615387 346.15384615384613 1
273.84615384615387 346.15384615384613 1
273.84615384615387 346.15384615384613 1
273.84615384615387 346.15384615384613 1
273.84615384615387 346.15384615384613 1
273.84615384615387 346.15384615384613 1
273.84615384615387 346.15384615384613 1
273.84615384615387 346.15384615384613 1
273.84615384615387 346.15384615384613 1
273.84615384615387 345.0 1
273.84615384615387 343.84615384615387 1
290.76923076923083 317.3076923076923 1
347.6923076923077 287.3076923076923 0
332.3076923076923 282.6923076923077 1
332.3076923076923 282.6923076923077 1
332.3076923076923 282.6923076923077 1
344.6153846153846 304.61538461538464 1
155.38461538461542 320.76923076923083 0
270.76923076923083 346.15384615384613 1
270.76923076923083 347.3076923076923 1
270.76923076923083 347.3076923076923 1
270.76923076923083 351.92307692307685 1
272.3076923076923 356.53846153846155 1
267.6923076923077 354.23076923076917 1
267.6923076923077 354.23076923076917 1
267.6923076923077 354.23076923076917 1
149.23076923076925 323.07692307692315 0
160.0 319.61538461538464 0
161.53846153846158 317.3076923076923 0
272.3076923076923 321.92307692307685 0
166.15384615384616 304.61538461538464 0
163.0769230769231 293.07692307692315 0
272.3076923076923 327.6923076923077 1
272.3076923076923 327.6923076923077 1
272.3076923076923 327.6923076923077 1
272.3076923076923 327.6923076923077 1
272.3076923076923 327.6923076923077 1
272.3076923076923 327.6923076923077 1
272.3076923076923 327.6923076923077 1
272.3076923076923 327.6923076923077 1
272.3076923076923 327.6923076923077 1
272.3076923076923 327.6923076923077 1
275.38461538461536 325.38461538461536 1
275.38461538461536 321.92307692307685 1
163.0769230769231 304.61538461538464 0
160.0 316.15384615384613 0
273.84615384615387 332.3076923076923 1
273.84615384615387 332.3076923076923 1
273.84615384615387 333.46153846153845 1
273.84615384615387 333.46153846153845 1
273.84615384615387 333.46153846153845 1
284.61538461538464 341.53846153846155 1
283.07692307692315 341.53846153846155 1
283.07692307692315 341.53846153846155 1
283.07692307692315 341.53846153846155 1
283.07692307692315 341.53846153846155 1
283.07692307692315 341.53846153846155 1
293.84615384615387 377.3076923076923 1
290.76923076923083 375.0 1
290.76923076923083 375.0 1
290.76923076923083 371.5384615384616 1
290.76923076923083 371.5384615384616 1
290.76923076923083 369.23076923076917 1
290.76923076923083 369.23076923076917 1
290.76923076923083 369.23076923076917 1
283.07692307692315 345.0 1
149.23076923076925 313.84615384615387 0
315.38461538461536 306.92307692307685 0
310.76923076923083 301.15384615384613 1
310.76923076923083 301.15384615384613 1
310.76923076923083 301.15384615384613 1
310.76923076923083 301.15384615384613 1
336.92307692307685 298.84615384615387 1
336.92307692307685 298.84615384615387 1
336.92307692307685 298.84615384615387 1
