334.00 305.00 1.0
333.80 304.60 1.0
333.60 304.20 1.0
333.40 303.80 1.0
333.20 303.40 1.0
333.00 303.00 1.0
333.00 302.80 1.0
333.00 302.60 1.0
333.00 302.40 1.0
333.00 302.20 1.0
333.00 302.00 1.0
332.80 302.00 1.0
332.60 302.00 1.0
332.40 302.00 1.0
332.20 302.00 1.0
332.00 302.00 1.0
331.80 302.00 1.0
331.60 302.00 1.0
331.40 302.00 1.0
331.20 302.00 1.0
331.00 302.00 1.0
330.80 301.60 1.0
330.60 301.20 1.0
330.40 300.80 1.0
330.20 300.40 1.0
330.00 300.00 1.0
329.80 299.60 1.0
329.60 299.20 1.0
329.40 298.80 1.0
329.20 298.40 1.0
329.00 298.00 1.0
328.80 298.00 1.0
328.60 298.00 1.0
328.40 298.00 1.0
328.20 298.00 1.0
328.00 298.00 1.0
328.00 297.80 1.0
328.00 297.60 1.0
328.00 297.40 1.0
328.00 297.20 1.0
328.00 297.00 1.0
327.80 296.40 1.0
327.60 295.80 1.0
327.40 295.20 1.0
327.20 294.60 1.0
327.00 294.00 1.0
326.80 293.40 1.0
326.60 292.80 1.0
326.40 292.20 1.0
326.20 291.60 1.0
326.00 291.00 1.0
326.00 290.40 1.0
326.00 289.80 1.0
326.00 289.20 1.0
326.00 288.60 1.0
326.00 288.00 1.0
326.00 287.80 1.0
326.00 287.60 1.0
326.00 287.40 1.0
326.00 287.20 1.0
326.00 287.00 1.0
326.20 284.00 1.0
326.40 281.00 1.0
326.60 278.00 1.0
326.80 275.00 1.0
327.00 272.00 1.0
327.20 271.40 1.0
327.40 270.80 1.0
327.60 270.20 1.0
327.80 269.60 1.0
328.00 269.00 1.0
328.00 268.20 1.0
328.00 267.40 1.0
328.00 266.60 1.0
328.00 265.80 1.0
328.00 265.00 1.0
328.00 264.00 1.0
328.00 263.00 1.0
328.00 262.00 1.0
328.00 261.00 1.0
328.00 260.00 1.0
328.00 259.20 1.0
328.00 258.40 1.0
328.00 257.60 1.0
328.00 256.80 1.0
328.00 256.00 1.0
328.60 255.20 1.0
329.20 254.40 1.0
329.80 253.60 1.0
330.40 252.80 1.0
331.00 252.00 1.0
331.00 251.40 1.0
331.00 250.80 1.0
331.00 250.20 1.0
331.00 249.60 1.0
331.00 249.00 1.0
331.20 248.20 1.0
331.40 247.40 1.0
331.60 246.60 1.0
331.80 245.80 1.0
332.00 245.00 1.0
332.00 244.40 1.0
332.00 243.80 1.0
332.00 243.20 1.0
332.00 242.60 1.0
332.00 242.00 1.0
331.80 241.60 1.0
331.60 241.20 1.0
331.40 240.80 1.0
331.20 240.40 1.0
331.00 240.00 1.0
332.20 239.40 1.0
333.40 238.80 1.0
334.60 238.20 1.0
335.80 237.60 1.0
337.00 237.00 1.0
338.31 235.31 1.0
338.19 235.97 1.0
338.58 235.64 1.0
338.00 236.16 1.0
338.71 235.80 1.0
339.81 237.60 1.0
336.40 236.40 1.0
336.60 236.60 1.0
336.80 236.80 1.0
337.00 237.00 1.0
337.00 237.20 1.0
337.00 237.40 1.0
337.00 237.60 1.0
337.00 237.80 1.0
337.00 238.00 1.0
337.20 238.60 1.0
337.40 239.20 1.0
337.60 239.80 1.0
337.80 240.40 1.0
338.00 241.00 1.0
338.20 241.20 1.0
338.40 241.40 1.0
338.60 241.60 1.0
338.80 241.80 1.0
339.00 242.00 1.0
339.00 242.40 1.0
339.00 242.80 1.0
339.00 243.20 1.0
339.00 243.60 1.0
339.00 244.00 1.0
339.00 243.80 1.0
339.00 243.60 1.0
339.00 243.40 1.0
339.00 243.20 1.0
339.00 243.00 1.0
341.40 244.00 1.0
343.80 245.00 1.0
346.20 246.00 1.0
348.60 247.00 1.0
351.00 248.00 1.0
352.20 248.60 1.0
353.40 249.20 1.0
354.60 249.80 1.0
355.80 250.40 1.0
357.00 251.00 1.0
357.80 251.20 1.0
358.60 251.40 1.0
359.40 251.60 1.0
360.20 251.80 1.0
361.00 252.00 1.0
362.00 252.40 1.0
363.00 252.80 1.0
364.00 253.20 1.0
365.00 253.60 1.0
366.00 254.00 1.0
366.80 254.40 1.0
367.60 254.80 1.0
368.40 255.20 1.0
369.20 255.60 1.0
370.00 256.00 1.0
370.80 256.40 1.0
371.60 256.80 1.0
372.40 257.20 1.0
373.20 257.60 1.0
374.00 258.00 1.0
375.20 258.80 1.0
376.40 259.60 1.0
377.60 260.40 1.0
378.80 261.20 1.0
380.00 262.00 1.0
383.00 265.00 1.0
386.00 268.00 1.0
389.00 271.00 1.0
392.00 274.00 1.0
395.00 277.00 1.0
396.20 277.60 1.0
397.40 278.20 1.0
398.60 278.80 1.0
399.80 279.40 1.0
401.00 280.00 1.0
401.60 280.40 1.0
402.20 280.80 1.0
402.80 281.20 1.0
403.40 281.60 1.0
404.00 282.00 1.0
405.00 282.40 1.0
406.00 282.80 1.0
407.00 283.20 1.0
408.00 283.60 1.0
409.00 284.00 1.0
409.40 284.00 1.0
409.80 284.00 1.0
410.20 284.00 1.0
410.60 284.00 1.0
411.00 284.00 1.0
411.20 284.60 1.0
411.40 285.20 1.0
411.60 285.80 1.0
411.80 286.40 1.0
412.00 287.00 1.0
412.40 287.40 1.0
412.80 287.80 1.0
413.20 288.20 1.0
413.60 288.60 1.0
414.00 289.00 1.0
414.20 289.60 1.0
414.40 290.20 1.0
414.60 290.80 1.0
414.80 291.40 1.0
415.63 289.52 1.0
416.25 290.55 1.0
416.35 290.72 1.0
416.85 291.96 1.0
417.36 292.55 1.0
420.11 294.12 1.0
421.17 294.11 1.0
420.83 296.05 1.0
420.39 295.28 1.0
420.53 294.82 1.0
420.51 295.94 1.0
420.79 293.55 1.0
420.42 293.32 1.0
419.83 294.74 1.0
420.95 296.00 1.0
420.93 293.71 1.0
419.64 294.97 1.0
420.90 293.63 1.0
419.91 294.87 1.0
419.43 295.87 1.0
420.15 297.22 1.0
420.69 296.31 1.0
420.25 297.65 1.0
420.35 297.99 1.0
421.43 298.31 1.0
419.69 296.78 1.0
419.73 298.55 1.0
420.42 297.38 1.0
419.59 301.57 1.0
419.15 300.76 1.0
418.80 300.33 1.0
418.99 303.77 1.0
418.27 304.39 1.0
419.33 305.01 1.0
419.71 307.66 1.0
419.74 307.59 1.0
419.09 306.47 1.0
419.53 314.38 1.0
419.78 319.12 1.0
418.56 320.88 1.0
418.43 321.91 1.0
419.36 322.25 1.0
418.48 325.34 1.0
418.75 327.43 1.0
417.50 325.98 1.0
417.83 325.91 1.0
416.66 328.47 1.0
417.11 327.42 1.0
417.61 329.21 1.0
416.17 329.52 1.0
415.77 328.95 1.0
414.99 331.05 1.0
415.83 331.47 1.0
415.01 331.59 1.0
414.92 331.31 1.0
414.61 330.36 1.0
416.50 334.22 1.0
412.87 332.71 1.0
413.22 331.37 1.0
414.57 332.63 1.0
413.47 332.71 1.0
413.39 331.28 1.0
413.92 333.92 1.0
413.12 336.65 1.0
413.08 336.06 1.0
411.99 337.59 1.0
413.41 337.26 1.0
411.20 340.00 1.0
410.80 340.00 1.0
410.40 340.00 1.0
410.00 340.00 1.0
409.60 340.40 1.0
409.20 340.80 1.0
408.80 341.20 1.0
408.40 341.60 1.0
408.00 342.00 1.0
407.60 341.20 1.0
407.20 340.40 1.0
406.80 339.60 1.0
406.40 338.80 1.0
406.00 338.00 1.0
405.40 337.20 1.0
404.80 336.40 1.0
404.20 335.60 1.0
403.60 334.80 1.0
403.00 334.00 1.0
401.80 332.00 1.0
400.60 330.00 1.0
399.40 328.00 1.0
398.20 326.00 1.0
397.00 324.00 1.0
396.60 323.40 1.0
396.20 322.80 1.0
395.80 322.20 1.0
395.40 321.60 1.0
395.00 321.00 1.0
394.20 320.60 1.0
393.40 320.20 1.0
392.60 319.80 1.0
391.80 319.40 1.0
391.00 319.00 1.0
390.20 318.40 1.0
389.40 317.80 1.0
388.60 317.20 1.0
387.80 316.60 1.0
387.00 316.00 1.0
386.00 315.60 1.0
385.00 315.20 1.0
384.00 314.80 1.0
383.00 314.40 1.0
382.00 314.00 1.0
380.80 313.00 1.0
379.60 312.00 1.0
378.40 311.00 1.0
377.20 310.00 1.0
376.00 309.00 1.0
374.60 308.00 1.0
373.20 307.00 1.0
371.80 306.00 1.0
370.40 305.00 1.0
369.00 304.00 1.0
367.20 302.80 1.0
365.40 301.60 1.0
363.60 300.40 1.0
361.80 299.20 1.0
360.00 298.00 1.0
358.40 296.80 1.0
356.80 295.60 1.0
355.20 294.40 1.0
353.60 293.20 1.0
352.00 292.00 1.0
349.60 291.00 1.0
347.20 290.00 1.0
344.80 289.00 1.0
342.40 288.00 1.0
340.00 287.00 1.0
337.40 285.80 1.0
334.80 284.60 1.0
332.20 283.40 1.0
329.60 282.20 1.0
327.00 281.00 1.0
323.00 280.00 1.0
319.00 279.00 1.0
315.00 278.00 1.0
311.00 277.00 1.0
307.00 276.00 1.0
304.20 275.00 1.0
301.40 274.00 1.0
298.60 273.00 1.0
295.80 272.00 1.0
293.00 271.00 1.0
290.80 270.20 1.0
288.60 269.40 1.0
286.40 268.60 1.0
284.20 267.80 1.0
282.00 267.00 1.0
279.40 266.20 1.0
276.80 265.40 1.0
274.20 264.60 1.0
271.60 263.80 1.0
269.00 263.00 1.0
267.20 262.40 1.0
265.40 261.80 1.0
263.60 261.20 1.0
261.80 260.60 1.0
260.00 260.00 1.0
257.80 259.40 1.0
255.60 258.80 1.0
253.40 258.20 1.0
251.20 257.60 1.0
249.00 257.00 1.0
247.20 256.60 1.0
245.40 256.20 1.0
243.60 255.80 1.0
241.80 255.40 1.0
240.00 255.00 1.0
236.60 254.60 1.0
233.20 254.20 1.0
229.80 253.80 1.0
226.40 253.40 1.0
223.00 253.00 1.0
221.40 252.60 1.0
219.80 252.20 1.0
218.20 251.80 1.0
216.60 251.40 1.0
215.00 251.00 1.0
213.80 250.60 1.0
212.60 250.20 1.0
211.40 249.80 1.0
210.20 249.40 1.0
209.00 249.00 1.0
208.00 248.80 1.0
207.00 248.60 1.0
206.00 248.40 1.0
205.00 248.20 1.0
204.00 248.00 1.0
203.20 247.60 1.0
202.40 247.20 1.0
201.60 246.80 1.0
200.80 246.40 1.0
200.00 246.00 1.0
199.60 245.20 1.0
199.20 244.40 1.0
198.80 243.60 1.0
198.40 242.80 1.0
198.00 242.00 1.0
198.60 240.00 1.0
199.20 238.00 1.0
199.80 236.00 1.0
200.40 234.00 1.0
201.00 232.00 1.0
201.00 231.60 1.0
201.00 231.20 1.0
201.00 230.80 1.0
201.00 230.40 1.0
201.00 230.00 1.0
200.60 229.80 1.0
200.20 229.60 1.0
199.80 229.40 1.0
199.40 229.20 1.0
199.00 229.00 1.0
198.80 229.20 1.0
198.60 229.40 1.0
198.40 229.60 1.0
198.20 229.80 1.0
198.00 230.00 1.0
197.60 230.80 1.0
197.20 231.60 1.0
196.80 232.40 1.0
196.40 233.20 1.0
196.00 234.00 1.0
195.00 237.00 1.0
194.00 240.00 1.0
193.00 243.00 1.0
192.00 246.00 1.0
191.00 249.00 1.0
190.80 249.80 1.0
190.60 250.60 1.0
190.40 251.40 1.0
190.20 252.20 1.0
190.00 253.00 1.0
189.80 253.80 1.0
189.60 254.60 1.0
189.40 255.40 1.0
189.20 256.20 1.0
189.00 257.00 1.0
188.60 257.80 1.0
188.20 258.60 1.0
187.80 259.40 1.0
187.40 260.20 1.0
187.00 261.00 1.0
187.00 261.60 1.0
187.00 262.20 1.0
187.00 262.80 1.0
187.00 263.40 1.0
187.00 264.00 1.0
186.40 265.20 1.0
185.80 266.40 1.0
185.20 267.60 1.0
184.60 268.80 1.0
184.00 270.00 1.0
183.20 271.40 1.0
182.40 272.80 1.0
181.60 274.20 1.0
180.80 275.60 1.0
180.00 277.00 1.0
179.80 277.60 1.0
179.60 278.20 1.0
179.40 278.80 1.0
179.20 279.40 1.0
179.00 280.00 1.0
179.20 280.00 1.0
179.40 280.00 1.0
179.60 280.00 1.0
179.80 280.00 1.0
180.00 280.00 1.0
180.20 280.00 1.0
180.40 280.00 1.0
180.60 280.00 1.0
180.80 280.00 1.0
181.00 280.00 1.0
181.80 280.20 1.0
182.60 280.40 1.0
183.40 280.60 1.0
184.20 280.80 1.0
185.00 281.00 1.0
185.80 281.00 1.0
186.60 281.00 1.0
187.40 281.00 1.0
188.20 281.00 1.0
189.00 281.00 1.0
190.40 281.00 1.0
191.80 281.00 1.0
193.20 281.00 1.0
194.60 281.00 1.0
196.00 281.00 1.0
197.20 281.20 1.0
198.40 281.40 1.0
199.60 281.60 1.0
200.80 281.80 1.0
202.00 282.00 1.0
203.40 282.00 1.0
204.80 282.00 1.0
206.20 282.00 1.0
207.60 282.00 1.0
209.00 282.00 1.0
210.40 282.20 1.0
211.80 282.40 1.0
213.20 282.60 1.0
214.60 282.80 1.0
216.00 283.00 1.0
218.00 283.40 1.0
220.00 283.80 1.0
222.00 284.20 1.0
224.00 284.60 1.0
226.00 285.00 1.0
228.00 285.40 1.0
230.00 285.80 1.0
232.00 286.20 1.0
234.00 286.60 1.0
236.00 287.00 1.0
237.80 287.20 1.0
239.60 287.40 1.0
241.40 287.60 1.0
243.20 287.80 1.0
245.00 288.00 1.0
247.20 288.20 1.0
249.40 288.40 1.0
251.60 288.60 1.0
253.80 288.80 1.0
256.00 289.00 1.0
258.00 289.40 1.0
260.00 289.80 1.0
262.00 290.20 1.0
264.00 290.60 1.0
266.00 291.00 1.0
268.80 291.40 1.0
271.60 291.80 1.0
274.40 292.20 1.0
277.20 292.60 1.0
280.00 293.00 1.0
283.40 294.00 1.0
286.80 295.00 1.0
290.20 296.00 1.0
293.60 297.00 1.0
297.00 298.00 1.0
298.80 298.60 1.0
300.60 299.20 1.0
302.40 299.80 1.0
304.20 300.40 1.0
306.00 301.00 1.0
307.40 301.80 1.0
308.80 302.60 1.0
310.20 303.40 1.0
311.60 304.20 1.0
313.00 305.00 1.0
314.40 305.80 1.0
315.80 306.60 1.0
317.20 307.40 1.0
318.60 308.20 1.0
320.00 309.00 1.0
321.80 309.60 1.0
323.60 310.20 1.0
325.40 310.80 1.0
327.20 311.40 1.0
329.00 312.00 1.0
331.40 313.80 1.0
333.80 315.60 1.0
336.20 317.40 1.0
338.60 319.20 1.0
341.00 321.00 1.0
342.20 321.60 1.0
343.40 322.20 1.0
344.60 322.80 1.0
345.80 323.40 1.0
347.00 324.00 1.0
348.20 324.60 1.0
349.40 325.20 1.0
350.60 325.80 1.0
351.80 326.40 1.0
353.00 327.00 1.0
353.80 327.40 1.0
354.60 327.80 1.0
355.40 328.20 1.0
356.20 328.60 1.0
357.00 329.00 1.0
357.60 329.60 1.0
358.20 330.20 1.0
358.80 330.80 1.0
359.40 331.40 1.0
360.00 332.00 1.0
361.20 333.20 1.0
362.40 334.40 1.0
363.60 335.60 1.0
364.80 336.80 1.0
366.00 338.00 1.0
367.20 339.20 1.0
368.40 340.40 1.0
369.60 341.60 1.0
370.80 342.80 1.0
372.00 344.00 1.0
372.20 344.40 1.0
372.40 344.80 1.0
372.60 345.20 1.0
372.80 345.60 1.0
373.00 346.00 1.0
373.40 346.40 1.0
373.80 346.80 1.0
374.20 347.20 1.0
374.60 347.60 1.0
375.00 348.00 1.0
375.00 348.00 1.0
375.00 348.00 1.0
375.00 348.00 1.0
375.00 348.00 1.0
375.00 348.00 1.0
375.20 348.20 1.0
375.40 348.40 1.0
375.60 348.60 1.0
375.80 348.80 1.0
376.00 349.00 1.0
376.00 349.20 1.0
376.00 349.40 1.0
376.00 349.60 1.0
376.00 349.80 1.0
376.00 350.00 1.0
375.80 350.40 1.0
375.60 350.80 1.0
375.40 351.20 1.0
375.20 351.60 1.0
375.00 352.00 1.0
374.00 353.20 1.0
373.00 354.40 1.0
372.00 355.60 1.0
371.00 356.80 1.0
370.00 358.00 1.0
368.40 360.00 1.0
366.80 362.00 1.0
365.20 364.00 1.0
363.60 366.00 1.0
362.00 368.00 1.0
361.40 368.60 1.0
360.80 369.20 1.0
360.20 369.80 1.0
359.60 370.40 1.0
359.00 371.00 1.0
358.40 371.40 1.0
357.80 371.80 1.0
357.20 372.20 1.0
356.60 372.60 1.0
356.00 373.00 1.0
355.60 373.60 1.0
355.20 374.20 1.0
354.80 374.80 1.0
354.40 375.40 1.0
354.00 376.00 1.0
353.00 378.00 1.0
352.00 380.00 1.0
351.00 382.00 1.0
350.00 384.00 1.0
349.00 386.00 1.0
348.60 386.40 1.0
348.20 386.80 1.0
347.80 387.20 1.0
347.40 387.60 1.0
347.00 388.00 1.0
347.00 388.20 1.0
347.00 388.40 1.0
347.00 388.60 1.0
347.00 388.80 1.0
347.00 389.00 1.0
346.60 389.20 1.0
346.20 389.40 1.0
345.80 389.60 1.0
345.40 389.80 1.0
345.00 390.00 1.0
344.60 389.80 1.0
344.20 389.60 1.0
343.80 389.40 1.0
343.40 389.20 1.0
343.00 389.00 1.0
342.40 388.40 1.0
341.80 387.80 1.0
341.20 387.20 1.0
340.60 386.60 1.0
340.00 386.00 1.0
339.20 385.60 1.0
338.40 385.20 1.0
337.60 384.80 1.0
336.80 384.40 1.0
336.00 384.00 1.0
335.20 385.00 1.0
334.40 386.00 1.0
333.60 387.00 1.0
332.80 388.00 1.0
332.00 389.00 1.0
330.80 388.80 1.0
329.60 388.60 1.0
328.40 388.40 1.0
327.20 388.20 1.0
326.00 388.00 1.0
324.40 387.40 1.0
322.80 386.80 1.0
321.20 386.20 1.0
319.60 385.60 1.0
318.00 385.00 1.0
316.40 384.40 1.0
314.80 383.80 1.0
313.20 383.20 1.0
311.60 382.60 1.0
310.00 382.00 1.0
307.60 380.80 1.0
305.20 379.60 1.0
302.80 378.40 1.0
300.40 377.20 1.0
298.00 376.00 1.0
293.40 375.20 1.0
288.80 374.40 1.0
284.20 373.60 1.0
279.60 372.80 1.0
275.00 372.00 1.0
272.60 371.40 1.0
270.20 370.80 1.0
267.80 370.20 1.0
265.40 369.60 1.0
263.00 369.00 1.0
260.80 368.40 1.0
258.60 367.80 1.0
256.40 367.20 1.0
254.20 366.60 1.0
252.00 366.00 1.0
249.60 365.20 1.0
247.20 364.40 1.0
244.80 363.60 1.0
242.40 362.80 1.0
240.00 362.00 1.0
238.20 361.80 1.0
236.40 361.60 1.0
234.60 361.40 1.0
232.80 361.20 1.0
231.00 361.00 1.0
229.20 359.80 1.0
227.40 358.60 1.0
225.60 357.40 1.0
223.80 356.20 1.0
222.00 355.00 1.0
220.20 353.80 1.0
218.40 352.60 1.0
216.60 351.40 1.0
214.80 350.20 1.0
213.00 349.00 1.0
211.40 348.20 1.0
209.80 347.40 1.0
208.20 346.60 1.0
206.60 345.80 1.0
205.00 345.00 1.0
203.60 344.20 1.0
202.20 343.40 1.0
200.80 342.60 1.0
199.40 341.80 1.0
198.00 341.00 1.0
197.00 340.20 1.0
196.00 339.40 1.0
195.00 338.60 1.0
194.00 337.80 1.0
193.00 337.00 1.0
192.20 336.80 1.0
191.40 336.60 1.0
190.60 336.40 1.0
189.80 336.20 1.0
189.00 336.00 1.0
188.40 335.60 1.0
187.80 335.20 1.0
187.20 334.80 1.0
186.60 334.40 1.0
186.00 334.00 1.0
185.40 334.00 1.0
184.80 334.00 1.0
184.20 334.00 1.0
183.60 334.00 1.0
183.00 334.00 1.0
182.60 333.80 1.0
182.20 333.60 1.0
181.80 333.40 1.0
181.40 333.20 1.0
181.00 333.00 1.0
180.60 332.60 1.0
180.20 332.20 1.0
179.80 331.80 1.0
179.40 331.40 1.0
179.00 331.00 1.0
178.60 330.80 1.0
178.20 330.60 1.0
177.80 330.40 1.0
177.40 330.20 1.0
177.00 330.00 1.0
176.80 330.00 1.0
176.60 330.00 1.0
176.40 330.00 1.0
176.20 330.00 1.0
176.00 330.00 1.0
175.80 330.00 1.0
175.60 330.00 1.0
175.40 330.00 1.0
175.20 330.00 1.0
175.00 330.00 1.0
175.00 329.80 1.0
175.00 329.60 1.0
175.00 329.40 1.0
175.00 329.20 1.0
175.00 329.00 1.0
175.00 329.00 1.0
175.00 329.00 1.0
175.00 329.00 1.0
175.00 329.00 1.0
175.00 329.00 1.0
175.20 328.60 1.0
175.40 328.20 1.0
175.60 327.80 1.0
175.80 327.40 1.0
176.00 327.00 1.0
176.20 326.80 1.0
176.40 326.60 1.0
176.60 326.40 1.0
176.80 326.20 1.0
177.00 326.00 1.0
177.00 325.80 1.0
177.00 325.60 1.0
177.00 325.40 1.0
177.00 325.20 1.0
177.00 325.00 1.0
177.20 325.80 1.0
177.40 326.60 1.0
177.60 327.40 1.0
177.80 328.20 1.0
178.00 329.00 1.0
178.20 329.40 1.0
178.40 329.80 1.0
178.60 330.20 1.0
178.80 330.60 1.0
179.00 331.00 1.0
178.80 334.80 1.0
178.60 338.60 1.0
178.40 342.40 1.0
178.20 346.20 1.0
178.00 350.00 1.0
178.40 350.80 1.0
178.80 351.60 1.0
179.20 352.40 1.0
179.60 353.20 1.0
180.00 354.00 1.0
180.40 354.40 1.0
180.80 354.80 1.0
181.20 355.20 1.0
181.60 355.60 1.0
182.00 356.00 1.0
182.40 356.20 1.0
182.80 356.40 1.0
183.20 356.60 1.0
183.60 356.80 1.0
184.00 357.00 1.0
184.00 357.20 1.0
184.00 357.40 1.0
184.00 357.60 1.0
184.00 357.80 1.0
184.00 358.00 1.0
184.00 358.20 1.0
184.00 358.40 1.0
184.00 358.60 1.0
184.00 358.80 1.0
184.00 359.00 1.0
184.60 359.00 1.0
185.20 359.00 1.0
185.80 359.00 1.0
186.40 359.00 1.0
187.00 359.00 1.0
188.00 359.40 1.0
189.00 359.80 1.0
190.00 360.20 1.0
191.00 360.60 1.0
192.00 361.00 1.0
193.40 361.40 1.0
194.80 361.80 1.0
196.20 362.20 1.0
197.60 362.60 1.0
199.00 363.00 1.0
200.60 363.80 1.0
202.20 364.60 1.0
203.80 365.40 1.0
205.40 366.20 1.0
207.00 367.00 1.0
208.40 367.80 1.0
209.80 368.60 1.0
211.20 369.40 1.0
212.60 370.20 1.0
214.00 371.00 1.0
215.60 372.00 1.0
217.20 373.00 1.0
218.80 374.00 1.0
220.40 375.00 1.0
222.00 376.00 1.0
224.00 376.80 1.0
226.00 377.60 1.0
228.00 378.40 1.0
230.00 379.20 1.0
232.00 380.00 1.0
233.80 380.80 1.0
235.60 381.60 1.0
237.40 382.40 1.0
239.20 383.20 1.0
241.00 384.00 1.0
243.20 385.00 1.0
245.40 386.00 1.0
247.60 387.00 1.0
249.80 388.00 1.0
252.00 389.00 1.0
253.80 389.60 1.0
255.60 390.20 1.0
257.40 390.80 1.0
259.20 391.40 1.0
261.00 392.00 1.0
264.20 393.80 1.0
267.40 395.60 1.0
270.60 397.40 1.0
273.80 399.20 1.0
277.00 401.00 1.0
278.80 401.40 1.0
280.60 401.80 1.0
282.40 402.20 1.0
284.20 402.60 1.0
286.00 403.00 1.0
287.60 403.80 1.0
289.20 404.60 1.0
290.80 405.40 1.0
292.40 406.20 1.0
294.00 407.00 1.0
295.40 407.20 1.0
296.80 407.40 1.0
298.20 407.60 1.0
299.60 407.80 1.0
301.00 408.00 1.0
302.20 408.40 1.0
303.40 408.80 1.0
304.60 409.20 1.0
305.80 409.60 1.0
307.00 410.00 1.0
308.60 409.40 1.0
310.20 408.80 1.0
311.80 408.20 1.0
313.40 407.60 1.0
315.00 407.00 1.0
316.20 407.40 1.0
317.40 407.80 1.0
318.60 408.20 1.0
319.80 408.60 1.0
321.00 409.00 1.0
321.40 409.00 1.0
321.80 409.00 1.0
322.20 409.00 1.0
322.60 409.00 1.0
323.00 409.00 1.0
323.20 408.80 1.0
323.40 408.60 1.0
323.60 408.40 1.0
323.80 408.20 1.0
324.00 408.00 1.0
324.00 407.80 1.0
324.00 407.60 1.0
324.00 407.40 1.0
324.00 407.20 1.0
324.00 407.00 1.0
324.00 407.00 1.0
324.00 407.00 1.0
324.00 407.00 1.0
324.00 407.00 1.0
324.00 407.00 1.0
324.00 407.00 1.0
324.00 407.00 1.0
324.00 407.00 1.0
324.00 407.00 1.0
324.00 407.00 1.0
324.20 406.80 1.0
324.40 406.60 1.0
324.60 406.40 1.0
324.80 406.20 1.0
325.00 406.00 1.0
325.20 405.40 1.0
325.40 404.80 1.0
325.60 404.20 1.0
325.80 403.60 1.0
326.00 403.00 1.0
326.40 402.40 1.0
326.80 401.80 1.0
327.20 401.20 1.0
327.60 400.60 1.0
328.00 400.00 1.0
328.80 399.40 1.0
329.60 398.80 1.0
330.40 398.20 1.0
331.20 397.60 1.0
332.00 397.00 1.0
334.60 395.40 1.0
337.20 393.80 1.0
339.80 392.20 1.0
342.40 390.60 1.0
345.00 389.00 1.0
345.60 388.40 1.0
346.20 387.80 1.0
346.80 387.20 1.0
347.40 386.60 1.0
348.00 386.00 1.0
348.20 385.60 1.0
348.40 385.20 1.0
348.60 384.80 1.0
348.80 384.40 1.0
349.00 384.00 1.0
349.00 383.80 1.0
349.00 383.60 1.0
349.00 383.40 1.0
349.00 383.20 1.0
349.00 383.00 1.0
346.20 383.40 1.0
343.40 383.80 1.0
340.60 384.20 1.0
337.80 384.60 1.0
335.00 385.00 1.0
334.00 384.40 1.0
333.00 383.80 1.0
332.00 383.20 1.0
331.00 382.60 1.0
330.00 382.00 1.0
328.20 380.80 1.0
326.40 379.60 1.0
324.60 378.40 1.0
322.80 377.20 1.0
321.00 376.00 1.0
315.20 374.20 1.0
309.40 372.40 1.0
303.60 370.60 1.0
297.80 368.80 1.0
292.00 367.00 1.0
289.60 365.60 1.0
287.20 364.20 1.0
284.80 362.80 1.0
282.40 361.40 1.0
280.00 360.00 1.0
277.40 358.60 1.0
274.80 357.20 1.0
272.20 355.80 1.0
269.60 354.40 1.0
267.00 353.00 1.0
263.60 351.20 1.0
260.20 349.40 1.0
256.80 347.60 1.0
253.40 345.80 1.0
250.00 344.00 1.0
245.40 342.80 1.0
240.80 341.60 1.0
236.20 340.40 1.0
231.60 339.20 1.0
227.00 338.00 1.0
225.40 336.60 1.0
223.80 335.20 1.0
222.20 333.80 1.0
220.60 332.40 1.0
219.00 331.00 1.0
217.80 331.00 1.0
216.60 331.00 1.0
215.40 331.00 1.0
214.20 331.00 1.0
213.00 331.00 1.0
211.40 330.00 1.0
209.80 329.00 1.0
208.20 328.00 1.0
206.60 327.00 1.0
205.00 326.00 1.0
203.80 325.60 1.0
202.60 325.20 1.0
201.40 324.80 1.0
200.20 324.40 1.0
199.00 324.00 1.0
197.80 323.20 1.0
196.60 322.40 1.0
195.40 321.60 1.0
194.20 320.80 1.0
193.00 320.00 1.0
191.80 319.20 1.0
190.60 318.40 1.0
189.40 317.60 1.0
188.20 316.80 1.0
187.00 316.00 1.0
186.20 315.40 1.0
185.40 314.80 1.0
184.60 314.20 1.0
183.80 313.60 1.0
183.00 313.00 1.0
182.60 312.60 1.0
182.20 312.20 1.0
181.80 311.80 1.0
181.40 311.40 1.0
181.00 311.00 1.0
179.40 310.40 1.0
177.80 309.80 1.0
176.20 309.20 1.0
174.60 308.60 1.0
173.00 308.00 1.0
172.80 307.60 1.0
172.60 307.20 1.0
172.40 306.80 1.0
172.20 306.40 1.0
172.00 306.00 1.0
172.00 305.80 1.0
172.00 305.60 1.0
172.00 305.40 1.0
172.00 305.20 1.0
172.00 305.00 1.0
172.40 305.00 1.0
172.80 305.00 1.0
173.20 305.00 1.0
173.60 305.00 1.0
174.00 305.00 1.0
174.00 304.60 1.0
174.00 304.20 1.0
174.00 303.80 1.0
174.00 303.40 1.0
174.00 303.00 1.0
174.20 302.20 1.0
174.40 301.40 1.0
174.60 300.60 1.0
174.80 299.80 1.0
175.00 299.00 1.0
175.20 299.40 1.0
175.40 299.80 1.0
175.60 300.20 1.0
175.80 300.60 1.0
176.00 301.00 1.0
176.80 300.00 1.0
177.60 299.00 1.0
178.40 298.00 1.0
179.20 297.00 1.0
180.00 296.00 1.0
180.40 293.40 1.0
180.80 290.80 1.0
181.20 288.20 1.0
181.60 285.60 1.0
182.00 283.00 1.0
182.80 281.60 1.0
183.60 280.20 1.0
184.40 278.80 1.0
185.20 277.40 1.0
186.00 276.00 1.0
186.40 275.40 1.0
186.80 274.80 1.0
187.20 274.20 1.0
187.60 273.60 1.0
188.00 273.00 1.0
188.40 272.80 1.0
188.80 272.60 1.0
189.20 272.40 1.0
189.60 272.20 1.0
190.00 272.00 1.0
191.20 272.40 1.0
192.40 272.80 1.0
193.60 273.20 1.0
194.80 273.60 1.0
196.00 274.00 1.0
199.00 276.00 1.0
202.00 278.00 1.0
205.00 280.00 1.0
208.00 282.00 1.0
211.00 284.00 1.0
212.40 285.80 1.0
213.80 287.60 1.0
215.20 289.40 1.0
216.60 291.20 1.0
218.00 293.00 1.0
219.80 293.80 1.0
221.60 294.60 1.0
223.40 295.40 1.0
225.20 296.20 1.0
227.00 297.00 1.0
229.00 297.80 1.0
231.00 298.60 1.0
233.00 299.40 1.0
235.00 300.20 1.0
237.00 301.00 1.0
239.20 301.80 1.0
241.40 302.60 1.0
243.60 303.40 1.0
245.80 304.20 1.0
248.00 305.00 1.0
250.60 306.20 1.0
253.20 307.40 1.0
255.80 308.60 1.0
258.40 309.80 1.0
261.00 311.00 1.0
263.20 311.80 1.0
265.40 312.60 1.0
267.60 313.40 1.0
269.80 314.20 1.0
272.00 315.00 1.0
274.40 315.80 1.0
276.80 316.60 1.0
279.20 317.40 1.0
281.60 318.20 1.0
284.00 319.00 1.0
286.40 320.00 1.0
288.80 321.00 1.0
291.20 322.00 1.0
293.60 323.00 1.0
296.00 324.00 1.0
299.80 326.20 1.0
303.60 328.40 1.0
307.40 330.60 1.0
311.20 332.80 1.0
315.00 335.00 1.0
316.40 335.80 1.0
317.80 336.60 1.0
319.20 337.40 1.0
320.60 338.20 1.0
322.00 339.00 1.0
323.20 339.60 1.0
324.40 340.20 1.0
325.60 340.80 1.0
326.80 341.40 1.0
328.00 342.00 1.0
329.20 342.40 1.0
330.40 342.80 1.0
331.60 343.20 1.0
332.80 343.60 1.0
334.00 344.00 1.0
335.00 344.40 1.0
336.00 344.80 1.0
337.00 345.20 1.0
338.00 345.60 1.0
339.00 346.00 1.0
342.00 346.60 1.0
345.00 347.20 1.0
348.00 347.80 1.0
351.00 348.40 1.0
354.00 349.00 1.0
354.60 349.20 1.0
355.20 349.40 1.0
355.80 349.60 1.0
356.40 349.80 1.0
357.00 350.00 1.0
357.40 350.00 1.0
357.80 350.00 1.0
358.20 350.00 1.0
358.60 350.00 1.0
359.00 350.00 1.0
359.40 350.20 1.0
359.80 350.40 1.0
360.20 350.60 1.0
360.60 350.80 1.0
361.00 351.00 1.0
361.20 351.00 1.0
361.40 351.00 1.0
361.60 351.00 1.0
361.80 351.00 1.0
362.00 351.00 1.0
362.00 351.20 1.0
362.00 351.40 1.0
362.00 351.60 1.0
362.00 351.80 1.0
362.00 352.00 1.0
362.20 352.20 1.0
362.40 352.40 1.0
362.60 352.60 1.0
362.80 352.80 1.0
363.00 353.00 1.0
363.20 352.80 1.0
363.40 352.60 1.0
363.60 352.40 1.0
363.80 352.20 1.0
364.00 352.00 1.0
364.40 351.20 1.0
364.80 350.40 1.0
365.20 349.60 1.0
365.60 348.80 1.0
366.00 348.00 1.0
367.60 344.80 1.0
369.20 341.60 1.0
370.80 338.40 1.0
372.40 335.20 1.0
374.00 332.00 1.0
374.60 331.00 1.0
375.20 330.00 1.0
375.80 329.00 1.0
376.40 328.00 1.0
377.00 327.00 1.0
378.40 324.40 1.0
379.80 321.80 1.0
381.20 319.20 1.0
382.60 316.60 1.0
384.00 314.00 1.0
384.20 313.20 1.0
384.40 312.40 1.0
384.60 311.60 1.0
384.80 310.80 1.0
385.00 310.00 1.0
385.00 309.20 1.0
385.00 308.40 1.0
385.00 307.60 1.0
385.00 306.80 1.0
385.00 306.00 1.0
384.60 307.00 1.0
384.20 308.00 1.0
383.80 309.00 1.0
383.40 310.00 1.0
383.00 311.00 1.0
382.60 310.60 1.0
382.20 310.20 1.0
381.80 309.80 1.0
381.40 309.40 1.0
381.00 309.00 1.0
379.80 308.00 1.0
378.60 307.00 1.0
377.40 306.00 1.0
376.20 305.00 1.0
375.00 304.00 1.0
371.80 303.60 1.0
368.60 303.20 1.0
365.40 302.80 1.0
362.20 302.40 1.0
359.00 302.00 1.0
357.00 300.80 1.0
355.00 299.60 1.0
353.00 298.40 1.0
351.00 297.20 1.0
349.00 296.00 1.0
347.20 295.20 1.0
345.40 294.40 1.0
343.60 293.60 1.0
341.80 292.80 1.0
340.00 292.00 1.0
337.80 290.80 1.0
335.60 289.60 1.0
333.40 288.40 1.0
331.20 287.20 1.0
329.00 286.00 1.0
326.80 284.80 1.0
324.60 283.60 1.0
322.40 282.40 1.0
320.20 281.20 1.0
318.00 280.00 1.0
314.80 278.80 1.0
311.60 277.60 1.0
308.40 276.40 1.0
305.20 275.20 1.0
302.00 274.00 1.0
299.60 273.00 1.0
297.20 272.00 1.0
294.80 271.00 1.0
292.40 270.00 1.0
290.00 269.00 1.0
287.80 268.40 1.0
285.60 267.80 1.0
283.40 267.20 1.0
281.20 266.60 1.0
279.00 266.00 1.0
275.40 265.80 1.0
271.80 265.60 1.0
268.20 265.40 1.0
264.60 265.20 1.0
261.00 265.00 1.0
259.00 264.60 1.0
257.00 264.20 1.0
255.00 263.80 1.0
253.00 263.40 1.0
251.00 263.00 1.0
249.40 262.40 1.0
247.80 261.80 1.0
246.20 261.20 1.0
244.60 260.60 1.0
243.00 260.00 1.0
241.00 259.60 1.0
239.00 259.20 1.0
237.00 258.80 1.0
235.00 258.40 1.0
233.00 258.00 1.0
231.20 257.80 1.0
229.40 257.60 1.0
227.60 257.40 1.0
225.80 257.20 1.0
224.00 257.00 1.0
223.00 256.80 1.0
222.00 256.60 1.0
221.00 256.40 1.0
220.00 256.20 1.0
219.00 256.00 1.0
217.60 255.60 1.0
216.20 255.20 1.0
214.80 254.80 1.0
213.40 254.40 1.0
212.00 254.00 1.0
211.20 253.40 1.0
210.40 252.80 1.0
209.60 252.20 1.0
208.80 251.60 1.0
208.00 251.00 1.0
206.00 249.20 1.0
204.00 247.40 1.0
202.00 245.60 1.0
200.00 243.80 1.0
198.00 242.00 1.0
197.60 241.40 1.0
197.20 240.80 1.0
196.80 240.20 1.0
196.40 239.60 1.0
196.00 239.00 1.0
195.40 239.00 1.0
194.80 239.00 1.0
194.20 239.00 1.0
193.60 239.00 1.0
193.00 239.00 1.0
193.00 239.00 1.0
193.00 239.00 1.0
193.00 239.00 1.0
193.00 239.00 1.0
193.00 239.00 1.0
192.00 240.80 1.0
191.00 242.60 1.0
190.00 244.40 1.0
189.00 246.20 1.0
188.00 248.00 1.0
187.80 248.40 1.0
187.60 248.80 1.0
187.40 249.20 1.0
187.20 249.60 1.0
187.00 250.00 1.0
187.00 250.00 1.0
187.00 250.00 1.0
187.00 250.00 1.0
187.00 250.00 1.0
187.00 250.00 1.0
187.60 249.60 1.0
188.20 249.20 1.0
188.80 248.80 1.0
189.40 248.40 1.0
190.00 248.00 1.0
190.00 245.20 1.0
190.00 242.40 1.0
190.00 239.60 1.0
190.00 236.80 1.0
190.00 234.00 1.0
190.40 233.00 1.0
190.80 232.00 1.0
191.20 231.00 1.0
191.60 230.00 1.0
192.00 229.00 1.0
192.60 228.20 1.0
193.20 227.40 1.0
193.80 226.60 1.0
194.40 225.80 1.0
195.00 225.00 1.0
195.60 224.60 1.0
196.20 224.20 1.0
196.80 223.80 1.0
197.40 223.40 1.0
198.00 223.00 1.0
198.60 222.40 1.0
199.20 221.80 1.0
199.80 221.20 1.0
200.40 220.60 1.0
201.00 220.00 1.0
201.60 219.60 1.0
202.20 219.20 1.0
202.80 218.80 1.0
203.40 218.40 1.0
204.00 218.00 1.0
204.80 217.80 1.0
205.60 217.60 1.0
206.40 217.40 1.0
207.20 217.20 1.0
208.00 217.00 1.0
208.60 217.00 1.0
209.20 217.00 1.0
209.80 217.00 1.0
210.40 217.00 1.0
211.00 217.00 1.0
212.00 217.40 1.0
213.00 217.80 1.0
214.00 218.20 1.0
215.00 218.60 1.0
216.00 219.00 1.0
217.40 219.00 1.0
218.80 219.00 1.0
220.20 219.00 1.0
221.60 219.00 1.0
223.00 219.00 1.0
224.40 219.00 1.0
225.80 219.00 1.0
227.20 219.00 1.0
228.60 219.00 1.0
230.00 219.00 1.0
231.80 219.20 1.0
233.60 219.40 1.0
235.40 219.60 1.0
237.20 219.80 1.0
239.00 220.00 1.0
241.00 220.40 1.0
243.00 220.80 1.0
245.00 221.20 1.0
247.00 221.60 1.0
249.00 222.00 1.0
250.80 222.60 1.0
252.60 223.20 1.0
254.40 223.80 1.0
256.20 224.40 1.0
258.00 225.00 1.0
261.00 225.80 1.0
264.00 226.60 1.0
267.00 227.40 1.0
270.00 228.20 1.0
273.00 229.00 1.0
276.00 230.20 1.0
279.00 231.40 1.0
282.00 232.60 1.0
285.00 233.80 1.0
288.00 235.00 1.0
290.20 235.80 1.0
292.40 236.60 1.0
294.60 237.40 1.0
296.80 238.20 1.0
299.00 239.00 1.0
301.60 240.20 1.0
304.20 241.40 1.0
306.80 242.60 1.0
309.40 243.80 1.0
312.00 245.00 1.0
314.20 246.20 1.0
316.40 247.40 1.0
318.60 248.60 1.0
320.80 249.80 1.0
323.00 251.00 1.0
326.40 252.80 1.0
329.80 254.60 1.0
333.20 256.40 1.0
336.60 258.20 1.0
340.00 260.00 1.0
341.40 261.00 1.0
342.80 262.00 1.0
344.20 263.00 1.0
345.60 264.00 1.0
347.00 265.00 1.0
348.40 265.60 1.0
349.80 266.20 1.0
351.20 266.80 1.0
352.60 267.40 1.0
354.00 268.00 1.0
355.40 268.80 1.0
356.80 269.60 1.0
358.20 270.40 1.0
359.60 271.20 1.0
361.00 272.00 1.0
362.40 272.80 1.0
363.80 273.60 1.0
365.20 274.40 1.0
366.60 275.20 1.0
368.00 276.00 1.0
371.20 278.80 1.0
374.40 281.60 1.0
377.60 284.40 1.0
380.80 287.20 1.0
384.00 290.00 1.0
385.20 290.80 1.0
386.40 291.60 1.0
387.60 292.40 1.0
388.80 293.20 1.0
390.00 294.00 1.0
390.60 294.60 1.0
391.20 295.20 1.0
391.80 295.80 1.0
392.40 296.40 1.0
393.00 297.00 1.0
393.40 297.60 1.0
393.80 298.20 1.0
394.20 298.80 1.0
394.60 299.40 1.0
395.00 300.00 1.0
395.80 299.40 1.0
396.60 298.80 1.0
397.40 298.20 1.0
398.20 297.60 1.0
399.00 297.00 1.0
399.00 297.00 1.0
399.00 297.00 1.0
399.00 297.00 1.0
399.00 297.00 1.0
399.00 297.00 1.0
399.00 296.80 1.0
399.00 296.60 1.0
399.00 296.40 1.0
399.00 296.20 1.0
399.00 296.00 1.0
399.00 296.20 1.0
399.00 296.40 1.0
399.00 296.60 1.0
399.00 296.80 1.0
399.00 297.00 1.0
398.80 297.40 1.0
398.60 297.80 1.0
398.40 298.20 1.0
398.20 298.60 1.0
398.00 299.00 1.0
397.80 299.60 1.0
397.60 300.20 1.0
397.40 300.80 1.0
397.20 301.40 1.0
397.00 302.00 1.0
397.00 302.80 1.0
397.00 303.60 1.0
397.00 304.40 1.0
397.00 305.20 1.0
397.00 306.00 1.0
396.80 306.80 1.0
396.60 307.60 1.0
396.40 308.40 1.0
396.20 309.20 1.0
396.00 310.00 1.0
396.40 312.00 1.0
396.80 314.00 1.0
397.20 316.00 1.0
397.60 318.00 1.0
398.00 320.00 1.0
397.60 320.60 1.0
397.20 321.20 1.0
396.80 321.80 1.0
396.40 322.40 1.0
396.00 323.00 1.0
395.80 323.40 1.0
395.60 323.80 1.0
395.40 324.20 1.0
395.20 324.60 1.0
395.00 325.00 1.0
394.60 325.40 1.0
394.20 325.80 1.0
393.80 326.20 1.0
393.40 326.60 1.0
393.00 327.00 1.0
392.60 328.20 1.0
392.20 329.40 1.0
391.80 330.60 1.0
391.40 331.80 1.0
391.00 333.00 1.0
390.60 332.40 1.0
390.20 331.80 1.0
389.80 331.20 1.0
389.40 330.60 1.0
389.00 330.00 1.0
388.40 330.00 1.0
387.80 330.00 1.0
387.20 330.00 1.0
386.60 330.00 1.0
386.00 330.00 1.0
384.20 329.40 1.0
382.40 328.80 1.0
380.60 328.20 1.0
378.80 327.60 1.0
377.00 327.00 1.0
375.40 325.60 1.0
373.80 324.20 1.0
372.20 322.80 1.0
370.60 321.40 1.0
369.00 320.00 1.0
367.80 319.20 1.0
366.60 318.40 1.0
365.40 317.60 1.0
364.20 316.80 1.0
363.00 316.00 1.0
361.80 315.40 1.0
360.60 314.80 1.0
359.40 314.20 1.0
358.20 313.60 1.0
357.00 313.00 1.0
355.60 312.40 1.0
354.20 311.80 1.0
352.80 311.20 1.0
351.40 310.60 1.0
350.00 310.00 1.0
348.60 309.60 1.0
347.20 309.20 1.0
345.80 308.80 1.0
344.40 308.40 1.0
343.00 308.00 1.0
341.20 307.20 1.0
339.40 306.40 1.0
337.60 305.60 1.0
335.80 304.80 1.0
334.00 304.00 1.0
332.20 303.00 1.0
330.40 302.00 1.0
328.60 301.00 1.0
326.80 300.00 1.0
325.00 299.00 1.0
323.00 298.20 1.0
321.00 297.40 1.0
319.00 296.60 1.0
317.00 295.80 1.0
315.00 295.00 1.0
312.40 293.80 1.0
309.80 292.60 1.0
307.20 291.40 1.0
304.60 290.20 1.0
302.00 289.00 1.0
299.80 288.20 1.0
297.60 287.40 1.0
295.40 286.60 1.0
293.20 285.80 1.0
291.00 285.00 1.0
288.60 283.80 1.0
286.20 282.60 1.0
283.80 281.40 1.0
281.40 280.20 1.0
279.00 279.00 1.0
276.80 278.00 1.0
274.60 277.00 1.0
272.40 276.00 1.0
270.20 275.00 1.0
268.00 274.00 1.0
265.60 273.20 1.0
263.20 272.40 1.0
260.80 271.60 1.0
258.40 270.80 1.0
256.00 270.00 1.0
254.00 269.20 1.0
252.00 268.40 1.0
250.00 267.60 1.0
248.00 266.80 1.0
246.00 266.00 1.0
244.20 265.20 1.0
242.40 264.40 1.0
240.60 263.60 1.0
238.80 262.80 1.0
237.00 262.00 1.0
235.00 261.60 1.0
233.00 261.20 1.0
231.00 260.80 1.0
229.00 260.40 1.0
227.00 260.00 1.0
225.00 259.40 1.0
223.00 258.80 1.0
221.00 258.20 1.0
219.00 257.60 1.0
217.00 257.00 1.0
214.40 256.80 1.0
211.80 256.60 1.0
209.20 256.40 1.0
206.60 256.20 1.0
204.00 256.00 1.0
203.00 255.60 1.0
202.00 255.20 1.0
201.00 254.80 1.0
200.00 254.40 1.0
199.00 254.00 1.0
198.00 253.60 1.0
197.00 253.20 1.0
196.00 252.80 1.0
195.00 252.40 1.0
194.00 252.00 1.0
193.00 251.60 1.0
192.00 251.20 1.0
191.00 250.80 1.0
190.00 250.40 1.0
189.00 250.00 1.0
188.20 249.00 1.0
187.40 248.00 1.0
186.60 247.00 1.0
185.80 246.00 1.0
185.00 245.00 1.0
184.20 244.40 1.0
183.40 243.80 1.0
182.60 243.20 1.0
181.80 242.60 1.0
181.00 242.00 1.0
180.20 241.40 1.0
179.40 240.80 1.0
178.60 240.20 1.0
177.80 239.60 1.0
177.00 239.00 1.0
176.40 239.00 1.0
175.80 239.00 1.0
175.20 239.00 1.0
174.60 239.00 1.0
174.00 239.00 1.0
173.60 239.00 1.0
173.20 239.00 1.0
172.80 239.00 1.0
172.40 239.00 1.0
172.00 239.00 1.0
172.00 238.80 1.0
172.00 238.60 1.0
172.00 238.40 1.0
172.00 238.20 1.0
172.00 238.00 1.0
172.00 237.60 1.0
172.00 237.20 1.0
172.00 236.80 1.0
172.00 236.40 1.0
172.00 236.00 1.0
172.00 236.00 1.0
172.00 236.00 1.0
172.00 236.00 1.0
172.00 236.00 1.0
172.00 236.00 1.0
171.40 237.00 1.0
170.80 238.00 1.0
170.20 239.00 1.0
169.60 240.00 1.0
169.00 241.00 1.0
169.40 241.60 1.0
169.80 242.20 1.0
170.20 242.80 1.0
170.60 243.40 1.0
171.00 244.00 1.0
171.20 244.40 1.0
171.40 244.80 1.0
171.60 245.20 1.0
171.80 245.60 1.0
172.00 246.00 1.0
172.20 246.80 1.0
172.40 247.60 1.0
172.60 248.40 1.0
172.80 249.20 1.0
173.00 250.00 1.0
173.00 250.40 1.0
173.00 250.80 1.0
173.00 251.20 1.0
173.00 251.60 1.0
173.00 252.00 1.0
173.80 254.40 1.0
174.60 256.80 1.0
175.40 259.20 1.0
176.20 261.60 1.0
177.00 264.00 1.0
177.00 264.80 1.0
177.00 265.60 1.0
177.00 266.40 1.0
177.00 267.20 1.0
177.00 268.00 1.0
177.20 268.20 1.0
177.40 268.40 1.0
177.60 268.60 1.0
177.80 268.80 1.0
178.00 269.00 1.0
178.20 269.40 1.0
178.40 269.80 1.0
178.60 270.20 1.0
178.80 270.60 1.0
179.00 271.00 1.0
179.20 271.20 1.0
179.40 271.40 1.0
179.60 271.60 1.0
179.80 271.80 1.0
180.00 272.00 1.0
179.20 273.40 1.0
178.40 274.80 1.0
177.60 276.20 1.0
176.80 277.60 1.0
176.00 279.00 1.0
176.20 279.20 1.0
176.40 279.40 1.0
176.60 279.60 1.0
176.80 279.80 1.0
177.00 280.00 1.0
177.60 280.20 1.0
178.20 280.40 1.0
178.80 280.60 1.0
179.40 280.80 1.0
180.00 281.00 1.0
180.80 281.40 1.0
181.60 281.80 1.0
182.40 282.20 1.0
183.20 282.60 1.0
184.00 283.00 1.0
185.20 283.80 1.0
186.40 284.60 1.0
187.60 285.40 1.0
188.80 286.20 1.0
190.00 287.00 1.0
191.60 287.40 1.0
193.20 287.80 1.0
194.80 288.20 1.0
196.40 288.60 1.0
198.00 289.00 1.0
199.80 289.80 1.0
201.60 290.60 1.0
203.40 291.40 1.0
205.20 292.20 1.0
207.00 293.00 1.0
208.80 293.60 1.0
210.60 294.20 1.0
212.40 294.80 1.0
214.20 295.40 1.0
216.00 296.00 1.0
217.80 296.40 1.0
219.60 296.80 1.0
221.40 297.20 1.0
223.20 297.60 1.0
225.00 298.00 1.0
227.60 299.00 1.0
230.20 300.00 1.0
232.80 301.00 1.0
235.40 302.00 1.0
238.00 303.00 1.0
241.20 304.60 1.0
244.40 306.20 1.0
247.60 307.80 1.0
250.80 309.40 1.0
254.00 311.00 1.0
255.60 312.00 1.0
257.20 313.00 1.0
258.80 314.00 1.0
260.40 315.00 1.0
262.00 316.00 1.0
263.60 316.80 1.0
265.20 317.60 1.0
266.80 318.40 1.0
268.40 319.20 1.0
270.00 320.00 1.0
271.40 320.60 1.0
272.80 321.20 1.0
274.20 321.80 1.0
275.60 322.40 1.0
277.00 323.00 1.0
278.80 323.40 1.0
280.60 323.80 1.0
282.40 324.20 1.0
284.20 324.60 1.0
286.00 325.00 1.0
287.80 325.40 1.0
289.60 325.80 1.0
291.40 326.20 1.0
293.20 326.60 1.0
295.00 327.00 1.0
296.60 327.40 1.0
298.20 327.80 1.0
299.80 328.20 1.0
301.40 328.60 1.0
303.00 329.00 1.0
304.60 329.00 1.0
306.20 329.00 1.0
307.80 329.00 1.0
309.40 329.00 1.0
311.00 329.00 1.0
314.20 329.40 1.0
317.40 329.80 1.0
320.60 330.20 1.0
323.80 330.60 1.0
327.00 331.00 1.0
328.00 331.20 1.0
329.00 331.40 1.0
330.00 331.60 1.0
331.00 331.80 1.0
332.00 332.00 1.0
333.00 332.40 1.0
334.00 332.80 1.0
335.00 333.20 1.0
336.00 333.60 1.0
337.00 334.00 1.0
337.80 334.20 1.0
338.60 334.40 1.0
339.40 334.60 1.0
340.20 334.80 1.0
341.00 335.00 1.0
343.20 336.00 1.0
345.40 337.00 1.0
347.60 338.00 1.0
349.80 339.00 1.0
352.00 340.00 1.0
353.75 340.50 1.0
355.50 341.00 1.0
357.25 341.50 1.0
359.00 342.00 1.0
