283.0769230769231 315.0 1.0
283.0769230769231 315.0 1.0
283.0769230769231 315.0 1.0
283.0769230769231 315.0 1.0
289.2307692307692 315.0 1.0
333.84615384615387 310.38461538461536 1.0
330.7692307692308 310.38461538461536 1.0
330.7692307692308 310.38461538461536 1.0
330.7692307692308 309.2307692307692 1.0
330.7692307692308 309.2307692307692 1.0
330.7692307692308 309.2307692307692 1.0
330.7692307692308 309.2307692307692 1.0
330.7692307692308 309.2307692307692 1.0
330.7692307692308 309.2307692307692 1.0
329.2307692307692 306.9230769230769 1.0
252.30769230769232 318.46153846153845 1.0
236.92307692307693 318.46153846153845 1.0
233.84615384615384 316.15384615384613 1.0
233.84615384615384 316.15384615384613 1.0
232.30769230769232 315.0 1.0
233.84615384615384 315.0 1.0
235.3846153846154 315.0 1.0
235.3846153846154 315.0 1.0
235.3846153846154 315.0 1.0
235.3846153846154 315.0 1.0
235.3846153846154 315.0 1.0
275.38461538461536 310.38461538461536 1.0
303.0769230769231 308.0769230769231 1.0
303.0769230769231 306.9230769230769 1.0
324.61538461538464 306.9230769230769 1.0
330.7692307692308 306.9230769230769 1.0
330.7692307692308 306.9230769230769 1.0
330.7692307692308 306.9230769230769 1.0
330.7692307692308 306.9230769230769 1.0
330.7692307692308 304.61538461538464 1.0
330.7692307692308 304.61538461538464 1.0
330.7692307692308 304.61538461538464 1.0
330.7692307692308 304.61538461538464 1.0
330.7692307692308 304.61538461538464 1.0
320.0 306.9230769230769 1.0
230.76923076923077 320.7692307692308 1.0
230.76923076923077 320.7692307692308 1.0
230.76923076923077 317.3076923076923 1.0
230.76923076923077 316.15384615384613 1.0
230.76923076923077 316.15384615384613 1.0
230.76923076923077 316.15384615384613 1.0
230.76923076923077 316.15384615384613 1.0
230.76923076923077 316.15384615384613 1.0
230.76923076923077 316.15384615384613 1.0
230.76923076923077 316.15384615384613 1.0
230.76923076923077 318.46153846153845 1.0
230.76923076923077 318.46153846153845 1.0
233.84615384615384 319.61538461538464 1.0
318.46153846153845 310.38461538461536 1.0
324.61538461538464 306.9230769230769 1.0
324.61538461538464 306.9230769230769 1.0
324.61538461538464 306.9230769230769 1.0
326.15384615384613 304.61538461538464 1.0
333.84615384615387 304.61538461538464 1.0
332.3076923076923 304.61538461538464 1.0
332.3076923076923 304.61538461538464 1.0
333.84615384615387 305.7692307692308 1.0
333.84615384615387 305.7692307692308 1.0
333.84615384615387 305.7692307692308 1.0
315.38461538461536 305.7692307692308 1.0
235.3846153846154 316.15384615384613 1.0
235.3846153846154 316.15384615384613 1.0
233.84615384615384 316.15384615384613 1.0
227.69230769230768 319.61538461538464 1.0
227.69230769230768 319.61538461538464 1.0
227.69230769230768 319.61538461538464 1.0
227.69230769230768 319.61538461538464 1.0
227.69230769230768 317.3076923076923 1.0
227.69230769230768 317.3076923076923 1.0
227.69230769230768 317.3076923076923 1.0
227.69230769230768 317.3076923076923 1.0
227.69230769230768 317.3076923076923 1.0
227.69230769230768 317.3076923076923 1.0
227.69230769230768 315.0 1.0
229.23076923076923 318.46153846153845 1.0
247.69230769230768 312.6923076923077 1.0
321.53846153846155 304.61538461538464 1.0
321.53846153846155 303.46153846153845 1.0
323.0769230769231 303.46153846153845 1.0
323.0769230769231 303.46153846153845 1.0
323.0769230769231 303.46153846153845 1.0
323.0769230769231 303.46153846153845 1.0
323.0769230769231 303.46153846153845 1.0
323.0769230769231 303.46153846153845 1.0
323.0769230769231 303.46153846153845 1.0
323.0769230769231 303.46153846153845 1.0
281.53846153846155 304.61538461538464 1.0
241.53846153846155 316.15384615384613 1.0
229.23076923076923 318.46153846153845 1.0
229.23076923076923 317.3076923076923 1.0
229.23076923076923 317.3076923076923 1.0
229.23076923076923 317.3076923076923 1.0
229.23076923076923 317.3076923076923 1.0
229.23076923076923 317.3076923076923 1.0
229.23076923076923 317.3076923076923 1.0
229.23076923076923 317.3076923076923 1.0
229.23076923076923 317.3076923076923 1.0
229.23076923076923 317.3076923076923 1.0
227.69230769230768 317.3076923076923 1.0
227.69230769230768 317.3076923076923 1.0
227.69230769230768 317.3076923076923 1.0
229.23076923076923 318.46153846153845 1.0
301.53846153846155 306.9230769230769 1.0
323.0769230769231 305.7692307692308 1.0
326.15384615384613 303.46153846153845 1.0
326.15384615384613 303.46153846153845 1.0
326.15384615384613 303.46153846153845 1.0
326.15384615384613 303.46153846153845 1.0
326.15384615384613 303.46153846153845 1.0
326.15384615384613 303.46153846153845 1.0
326.15384615384613 303.46153846153845 1.0
326.15384615384613 303.46153846153845 1.0
326.15384615384613 303.46153846153845 1.0
326.15384615384613 303.46153846153845 1.0
326.15384615384613 303.46153846153845 1.0
272.3076923076923 306.9230769230769 1.0
240.0 318.46153846153845 1.0
233.84615384615384 317.3076923076923 1.0
233.84615384615384 317.3076923076923 1.0
233.84615384615384 317.3076923076923 1.0
233.84615384615384 317.3076923076923 1.0
230.76923076923077 317.3076923076923 1.0
230.76923076923077 317.3076923076923 1.0
230.76923076923077 317.3076923076923 1.0
230.76923076923077 317.3076923076923 1.0
230.76923076923077 317.3076923076923 1.0
230.76923076923077 317.3076923076923 1.0
230.76923076923077 317.3076923076923 1.0
233.84615384615384 317.3076923076923 1.0
307.6923076923077 306.9230769230769 1.0
330.7692307692308 306.9230769230769 1.0
330.7692307692308 306.9230769230769 1.0
330.7692307692308 306.9230769230769 1.0
330.7692307692308 306.9230769230769 1.0
330.7692307692308 306.9230769230769 1.0
333.84615384615387 305.7692307692308 1.0
333.84615384615387 305.7692307692308 1.0
333.84615384615387 305.7692307692308 1.0
333.84615384615387 304.61538461538464 1.0
333.84615384615387 304.61538461538464 1.0
333.84615384615387 304.61538461538464 1.0
303.0769230769231 306.9230769230769 1.0
238.46153846153845 309.2307692307692 1.0
238.46153846153845 309.2307692307692 1.0
238.46153846153845 309.2307692307692 1.0
238.46153846153845 309.2307692307692 1.0
238.46153846153845 309.2307692307692 1.0
238.46153846153845 309.2307692307692 1.0
238.46153846153845 309.2307692307692 1.0
238.46153846153845 309.2307692307692 1.0
238.46153846153845 309.2307692307692 1.0
238.46153846153845 309.2307692307692 1.0
238.46153846153845 309.2307692307692 1.0
238.46153846153845 309.2307692307692 1.0
238.46153846153845 309.2307692307692 1.0
236.92307692307693 311.53846153846155 1.0
240.0 308.0769230769231 1.0
313.84615384615387 303.46153846153845 1.0
329.2307692307692 302.3076923076923 1.0
330.7692307692308 302.3076923076923 1.0
335.38461538461536 302.3076923076923 1.0
338.46153846153845 302.3076923076923 1.0
338.46153846153845 302.3076923076923 1.0
338.46153846153845 302.3076923076923 1.0
336.9230769230769 303.46153846153845 1.0
336.9230769230769 303.46153846153845 1.0
336.9230769230769 303.46153846153845 1.0
332.3076923076923 319.61538461538464 1.0
329.2307692307692 325.38461538461536 1.0
329.2307692307692 325.38461538461536 1.0
329.2307692307692 325.38461538461536 1.0
326.15384615384613 328.84615384615387 1.0
240.0 321.9230769230769 1.0
240.0 321.9230769230769 1.0
236.92307692307693 319.61538461538464 1.0
236.92307692307693 319.61538461538464 1.0
233.84615384615384 316.15384615384613 1.0
233.84615384615384 316.15384615384613 1.0
233.84615384615384 316.15384615384613 1.0
230.76923076923077 316.15384615384613 1.0
230.76923076923077 316.15384615384613 1.0
230.76923076923077 316.15384615384613 1.0
232.30769230769232 316.15384615384613 1.0
232.30769230769232 316.15384615384613 1.0
232.30769230769232 316.15384615384613 1.0
232.30769230769232 316.15384615384613 1.0
232.30769230769232 316.15384615384613 1.0
269.2307692307692 308.0769230769231 1.0
327.6923076923077 300.0 1.0
327.6923076923077 301.15384615384613 1.0
327.6923076923077 301.15384615384613 1.0
327.6923076923077 301.15384615384613 1.0
327.6923076923077 301.15384615384613 1.0
332.3076923076923 301.15384615384613 1.0
332.3076923076923 301.15384615384613 1.0
333.84615384615387 301.15384615384613 1.0
333.84615384615387 301.15384615384613 1.0
333.84615384615387 301.15384615384613 1.0
333.84615384615387 301.15384615384613 1.0
333.84615384615387 301.15384615384613 1.0
307.6923076923077 302.3076923076923 1.0
289.2307692307692 302.3076923076923 1.0
232.30769230769232 317.3076923076923 1.0
232.30769230769232 317.3076923076923 1.0
232.30769230769232 317.3076923076923 1.0
232.30769230769232 317.3076923076923 1.0
232.30769230769232 316.15384615384613 1.0
232.30769230769232 316.15384615384613 1.0
232.30769230769232 316.15384615384613 1.0
232.30769230769232 316.15384615384613 1.0
232.30769230769232 316.15384615384613 1.0
232.30769230769232 315.0 1.0
230.76923076923077 315.0 1.0
230.76923076923077 315.0 1.0
229.23076923076923 316.15384615384613 1.0
229.23076923076923 316.15384615384613 1.0
289.2307692307692 323.0769230769231 1.0
284.61538461538464 323.0769230769231 1.0
284.61538461538464 321.9230769230769 1.0
293.84615384615387 330.0 1.0
293.84615384615387 332.3076923076923 1.0
293.84615384615387 332.3076923076923 1.0
293.84615384615387 332.3076923076923 1.0
293.84615384615387 332.3076923076923 1.0
293.84615384615387 332.3076923076923 1.0
