191.53846153846158 0.9751926 0
191.53846153846158 0.9753616 0
191.53846153846158 0.97545844 0
191.53846153846158 0.9751779 0
191.53846153846158 0.97537476 0
191.53846153846158 0.9757646000000001 0
191.53846153846158 0.97570693 0
191.53846153846158 0.9753988000000001 0
191.53846153846158 0.9753666 0
191.53846153846158 0.97465986 0
191.53846153846158 0.97532743 0
191.53846153846158 0.9750479 0
191.53846153846158 0.97483873 0
191.53846153846158 0.97530633 0
191.53846153846158 0.97486806 0
191.53846153846158 0.97503835 0
191.53846153846158 0.9744236999999999 0
191.53846153846158 0.97442824 0
192.6923076923077 0.9743188 0
191.53846153846158 0.9745428 0
191.53846153846158 0.97485524 0
192.6923076923077 0.9721593000000001 0
191.53846153846158 0.97537714 0
191.53846153846158 0.9764835999999999 0
191.53846153846158 0.9754799999999999 0
191.53846153846158 0.97647107 0
191.53846153846158 0.9765588 0
191.53846153846158 0.9765152 0
191.53846153846158 0.97656655 0
191.53846153846158 0.9762265999999999 0
191.53846153846158 0.97609407 0
191.53846153846158 0.97520995 0
191.53846153846158 0.9752711 0
192.6923076923077 0.9741228000000001 0
191.53846153846158 0.9749063 0
191.53846153846158 0.97445256 0
191.53846153846158 0.97622335 0
191.53846153846158 0.97650254 0
190.38461538461542 0.9769428 0
191.53846153846158 0.9753586999999999 0
191.53846153846158 0.9758094999999999 0
191.53846153846158 0.9761110000000001 0
190.38461538461542 0.97688246 0
190.38461538461542 0.9770412 0
190.38461538461542 0.97725266 0
190.38461538461542 0.9768858 0
190.38461538461542 0.9772774 0
190.38461538461542 0.9769732 0
190.38461538461542 0.977468 0
190.38461538461542 0.9767145 0
190.38461538461542 0.97720623 0
190.38461538461542 0.9772469000000001 0
190.38461538461542 0.97705746 0
190.38461538461542 0.97718894 0
190.38461538461542 0.9767966999999999 0
189.23076923076923 0.9787404000000001 0
190.38461538461542 0.9785345999999999 0
190.38461538461542 0.97814274 0
191.53846153846158 0.97635466 0
191.53846153846158 0.9764158000000002 0
191.53846153846158 0.97628206 0
191.53846153846158 0.9762054 0
191.53846153846158 0.9753014000000001 0
191.53846153846158 0.97534955 0
190.38461538461542 0.9774135 0
190.38461538461542 0.9773168 0
190.38461538461542 0.97753704 0
190.38461538461542 0.9776719000000001 0
190.38461538461542 0.9776969000000001 0
190.38461538461542 0.9777639000000001 0
191.53846153846158 0.9752601999999999 0
190.38461538461542 0.9770536 0
190.38461538461542 0.9769030999999999 0
191.53846153846158 0.9756733 0
191.53846153846158 0.9755651 0
191.53846153846158 0.97514254 0
191.53846153846158 0.9751813 0
191.53846153846158 0.9751163 0
192.6923076923077 0.97340065 0
191.53846153846158 0.97492796 0
191.53846153846158 0.9750742 0
191.53846153846158 0.97484654 0
191.53846153846158 0.97468704 0
191.53846153846158 0.9752059000000001 0
191.53846153846158 0.97527087 0
191.53846153846158 0.97545993 0
191.53846153846158 0.97535026 0
191.53846153846158 0.97531193 0
191.53846153846158 0.9758365 0
191.53846153846158 0.9754101999999999 0
191.53846153846158 0.97582984 0
191.53846153846158 0.9756386999999999 0
191.53846153846158 0.9758445 0
191.53846153846158 0.97581667 0
191.53846153846158 0.9750351 0
192.6923076923077 0.9742226 0
192.6923076923077 0.9742269 0
192.6923076923077 0.97429854 0
190.38461538461542 0.97688067 0
190.38461538461542 0.9768912000000001 0
191.53846153846158 0.9762841999999998 0
190.38461538461542 0.9770006999999999 0
190.38461538461542 0.97689044 0
190.38461538461542 0.9769415000000001 0
190.38461538461542 0.97662723 0
191.53846153846158 0.97657144 0
191.53846153846158 0.9766153000000001 0
190.38461538461542 0.97696483 0
190.38461538461542 0.97675824 0
190.38461538461542 0.97688305 0
190.38461538461542 0.9771065000000001 0
190.38461538461542 0.97696245 0
190.38461538461542 0.97696507 0
190.38461538461542 0.9770671999999999 0
190.38461538461542 0.97686553 0
190.38461538461542 0.97725236 0
190.38461538461542 0.9770691999999999 0
190.38461538461542 0.9770686 0
190.38461538461542 0.9773687 0
190.38461538461542 0.97736675 0
190.38461538461542 0.9774205 0
190.38461538461542 0.9769662 0
190.38461538461542 0.97749525 0
190.38461538461542 0.9771985999999999 0
190.38461538461542 0.9771187 0
190.38461538461542 0.97732896 0
190.38461538461542 0.9772679 0
191.53846153846158 0.97633606 0
190.38461538461542 0.9767528 0
190.38461538461542 0.9768439 0
190.38461538461542 0.97689885 0
190.38461538461542 0.9770957 0
190.38461538461542 0.9769091999999999 0
190.38461538461542 0.9771443000000001 0
190.38461538461542 0.97743815 0
190.38461538461542 0.9772110999999999 0
190.38461538461542 0.9773980999999999 0
190.38461538461542 0.97728693 0
190.38461538461542 0.9772850000000001 0
190.38461538461542 0.9771114 0
190.38461538461542 0.97722864 0
190.38461538461542 0.97719723 0
190.38461538461542 0.97697574 0
190.38461538461542 0.9771566999999999 0
190.38461538461542 0.97739446 0
190.38461538461542 0.97734284 0
190.38461538461542 0.97757906 0
190.38461538461542 0.9774868 0
190.38461538461542 0.9776822000000001 0
190.38461538461542 0.9776848 0
190.38461538461542 0.9777283999999999 0
190.38461538461542 0.9774603999999999 0
190.38461538461542 0.9776473 0
190.38461538461542 0.97771454 0
190.38461538461542 0.9776389000000001 0
190.38461538461542 0.97767854 0
190.38461538461542 0.97769326 0
190.38461538461542 0.9774639 0
190.38461538461542 0.97789633 0
190.38461538461542 0.97757393 0
190.38461538461542 0.97766465 0
190.38461538461542 0.97776353 0
190.38461538461542 0.9776748 0
190.38461538461542 0.9776504 0
190.38461538461542 0.9776054 0
190.38461538461542 0.97749305 0
190.38461538461542 0.97750705 0
190.38461538461542 0.9773427 0
190.38461538461542 0.9772095999999999 0
190.38461538461542 0.97769314 0
190.38461538461542 0.9774709 0
190.38461538461542 0.97784984 0
190.38461538461542 0.9778460999999999 0
190.38461538461542 0.9779218000000001 0
190.38461538461542 0.97799987 0
190.38461538461542 0.9778235999999999 0
190.38461538461542 0.97793144 0
190.38461538461542 0.9778357 0
190.38461538461542 0.9780099 0
191.53846153846158 0.9755610999999998 0
191.53846153846158 0.975301 0
191.53846153846158 0.9753219000000001 0
191.53846153846158 0.97513753 0
191.53846153846158 0.9749903 0
191.53846153846158 0.9751354 0
191.53846153846158 0.97518104 0
191.53846153846158 0.9751399 0
191.53846153846158 0.97505647 0
191.53846153846158 0.9750786 0
191.53846153846158 0.97503805 0
191.53846153846158 0.9750489999999999 0
191.53846153846158 0.9744577 0
191.53846153846158 0.97601503 0
191.53846153846158 0.97611415 0
191.53846153846158 0.9761470999999999 0
191.53846153846158 0.9761965 0
191.53846153846158 0.9762704 0
191.53846153846158 0.97630274 0
191.53846153846158 0.9764448 0
191.53846153846158 0.97554475 0
191.53846153846158 0.97604907 0
191.53846153846158 0.9761988000000001 0
191.53846153846158 0.97648585 0
191.53846153846158 0.97635674 0
191.53846153846158 0.97649676 0
191.53846153846158 0.97633684 0
191.53846153846158 0.97649 0
191.53846153846158 0.9762908000000001 0
191.53846153846158 0.97593874 0
191.53846153846158 0.97579443 0
191.53846153846158 0.9762738999999999 0
191.53846153846158 0.97648424 0
190.38461538461542 0.9767893 0
190.38461538461542 0.9766708000000001 0
191.53846153846158 0.97634095 0
191.53846153846158 0.975247 0
191.53846153846158 0.97564584 0
191.53846153846158 0.9760665999999999 0
190.38461538461542 0.9766360000000001 0
190.38461538461542 0.97679466 0
191.53846153846158 0.9761564 0
191.53846153846158 0.9757228000000001 0
191.53846153846158 0.97564757 0
191.53846153846158 0.97543293 0
191.53846153846158 0.9752331 0
191.53846153846158 0.9753984 0
191.53846153846158 0.9752045 0
192.6923076923077 0.9742466999999999 0
191.53846153846158 0.97511995 0
191.53846153846158 0.9750844999999999 0
191.53846153846158 0.9751071 0
191.53846153846158 0.97497725 0
191.53846153846158 0.97485536 0
191.53846153846158 0.97513086 0
191.53846153846158 0.97511125 0
191.53846153846158 0.97526056 0
191.53846153846158 0.97581995 0
191.53846153846158 0.9758530999999999 0
191.53846153846158 0.97586375 0
191.53846153846158 0.9758756 0
191.53846153846158 0.9760341999999999 0
191.53846153846158 0.9761051 0
191.53846153846158 0.97592926 0
191.53846153846158 0.9760005999999999 0
191.53846153846158 0.9756983 0
191.53846153846158 0.9755719 0
191.53846153846158 0.9756866 0
191.53846153846158 0.97512674 0
191.53846153846158 0.9751334999999999 0
191.53846153846158 0.97517085 0
191.53846153846158 0.9750728999999999 0
191.53846153846158 0.9752715000000001 0
191.53846153846158 0.97520816 0
191.53846153846158 0.9750719999999999 0
191.53846153846158 0.9751745999999999 0
191.53846153846158 0.97526157 0
191.53846153846158 0.9752957 0
191.53846153846158 0.9752366 0
191.53846153846158 0.9746674000000001 0
191.53846153846158 0.9751609 0
191.53846153846158 0.97531146 0
191.53846153846158 0.9750474 0
191.53846153846158 0.9751296999999999 0
191.53846153846158 0.9749903 0
192.6923076923077 0.97432125 0
191.53846153846158 0.9751620000000001 0
191.53846153846158 0.9753965 0
191.53846153846158 0.97531223 0
191.53846153846158 0.97570705 0
191.53846153846158 0.9756140999999999 0
191.53846153846158 0.9753329 0
191.53846153846158 0.97558933 0
191.53846153846158 0.9754193999999999 0
191.53846153846158 0.9751175 0
191.53846153846158 0.9747565 0
192.6923076923077 0.97422713 0
192.6923076923077 0.9743153 0
191.53846153846158 0.9747176 0
191.53846153846158 0.9749196 0
191.53846153846158 0.97498906 0
191.53846153846158 0.9751731 0
192.6923076923077 0.97389585 0
190.38461538461542 0.9768834999999999 0
190.38461538461542 0.97736174 0
190.38461538461542 0.9775203000000001 0
190.38461538461542 0.9771566999999999 0
190.38461538461542 0.97741264 0
190.38461538461542 0.97730947 0
190.38461538461542 0.97703105 0
190.38461538461542 0.9767839 0
191.53846153846158 0.97645 0
190.38461538461542 0.9769776 0
190.38461538461542 0.9772030999999999 0
190.38461538461542 0.97714895 0
190.38461538461542 0.9771021000000001 0
190.38461538461542 0.97726667 0
190.38461538461542 0.97746366 0
190.38461538461542 0.97747463 0
191.53846153846158 0.9763099000000001 0
191.53846153846158 0.97520477 0
191.53846153846158 0.976298 0
190.38461538461542 0.9771857 0
190.38461538461542 0.9774228000000001 0
190.38461538461542 0.9772545 0
190.38461538461542 0.97735536 0
190.38461538461542 0.9766117 0
190.38461538461542 0.97706586 0
190.38461538461542 0.97721475 0
190.38461538461542 0.9772479 0
190.38461538461542 0.9772791999999999 0
190.38461538461542 0.9773306999999999 0
190.38461538461542 0.9773415000000001 0
190.38461538461542 0.9774929 0
190.38461538461542 0.9774565999999999 0
190.38461538461542 0.977441 0
190.38461538461542 0.97660404 0
191.53846153846158 0.9764988000000001 0
191.53846153846158 0.9761528 0
190.38461538461542 0.9765851000000001 0
191.53846153846158 0.9762790000000001 0
192.6923076923077 0.97378695 0
191.53846153846158 0.9754744000000001 0
191.53846153846158 0.9763094999999999 0
191.53846153846158 0.9764023000000001 0
191.53846153846158 0.97648036 0
191.53846153846158 0.97606635 0
191.53846153846158 0.97645444 0
190.38461538461542 0.9765796999999998 0
190.38461538461542 0.97665113 0
190.38461538461542 0.97686744 0
191.53846153846158 0.9763857 0
190.38461538461542 0.9765763000000001 0
191.53846153846158 0.9765045 0
191.53846153846158 0.9761120000000001 0
190.38461538461542 0.97660905 0
191.53846153846158 0.97617763 0
191.53846153846158 0.97632027 0
191.53846153846158 0.9760517 0
191.53846153846158 0.9762796999999999 0
191.53846153846158 0.976384 0
190.38461538461542 0.9765927 0
190.38461538461542 0.9766351000000001 0
190.38461538461542 0.9766094000000001 0
191.53846153846158 0.9765286 0
190.38461538461542 0.97662807 0
191.53846153846158 0.9760473 0
191.53846153846158 0.9758469000000001 0
191.53846153846158 0.9754951 0
191.53846153846158 0.97556883 0
191.53846153846158 0.9759965 0
191.53846153846158 0.9765246 0
191.53846153846158 0.9763075000000001 0
191.53846153846158 0.97637284 0
191.53846153846158 0.9762076999999999 0
191.53846153846158 0.9761504999999999 0
191.53846153846158 0.97611755 0
192.6923076923077 0.9723120999999999 0
192.6923076923077 0.9731535 0
191.53846153846158 0.97587776 0
190.38461538461542 0.97751755 0
190.38461538461542 0.9781627 0
190.38461538461542 0.9777885000000001 0
191.53846153846158 0.9763665000000001 0
191.53846153846158 0.97633183 0
191.53846153846158 0.9765389999999999 0
190.38461538461542 0.9770825999999999 0
191.53846153846158 0.9760631999999999 0
191.53846153846158 0.97626275 0
191.53846153846158 0.97525024 0
191.53846153846158 0.9753572 0
191.53846153846158 0.975426 0
191.53846153846158 0.9752879999999999 0
191.53846153846158 0.9747322 0
191.53846153846158 0.9747541999999999 0
191.53846153846158 0.9748136000000001 0
191.53846153846158 0.9747089 0
191.53846153846158 0.9745395 0
191.53846153846158 0.97507566 0
191.53846153846158 0.97496086 0
191.53846153846158 0.97508425 0
191.53846153846158 0.9751177 0
191.53846153846158 0.97518176 0
192.6923076923077 0.97388667 0
191.53846153846158 0.9747278 0
191.53846153846158 0.9746345 0
191.53846153846158 0.9745701999999999 0
191.53846153846158 0.9747158000000001 0
191.53846153846158 0.9747693000000001 0
191.53846153846158 0.9754841000000001 0
191.53846153846158 0.9752721 0
191.53846153846158 0.9751388000000001 0
191.53846153846158 0.9752133 0
191.53846153846158 0.97496665 0
191.53846153846158 0.9752279 0
191.53846153846158 0.9752166999999999 0
191.53846153846158 0.9750704 0
191.53846153846158 0.97521317 0
191.53846153846158 0.9751405000000001 0
191.53846153846158 0.975088 0
191.53846153846158 0.9752059999999999 0
191.53846153846158 0.9752331 0
191.53846153846158 0.9752161 0
191.53846153846158 0.9752803 0
191.53846153846158 0.97512674 0
191.53846153846158 0.9752314000000001 0
191.53846153846158 0.97480166 0
191.53846153846158 0.9759529 0
191.53846153846158 0.975899 0
191.53846153846158 0.9759018 0
191.53846153846158 0.97573143 0
191.53846153846158 0.9759503 0
191.53846153846158 0.97551924 0
191.53846153846158 0.97550064 0
191.53846153846158 0.97558457 0
191.53846153846158 0.97563154 0
191.53846153846158 0.9756311 0
191.53846153846158 0.9756039000000001 0
191.53846153846158 0.975382 0
191.53846153846158 0.9754911 0
191.53846153846158 0.97533154 0
192.6923076923077 0.97359675 0
191.53846153846158 0.97469974 0
191.53846153846158 0.97525704 0
191.53846153846158 0.9745681 0
192.6923076923077 0.9743103999999999 0
192.6923076923077 0.9739952 0
191.53846153846158 0.97494227 0
191.53846153846158 0.9749126 0
191.53846153846158 0.97517395 0
191.53846153846158 0.97499746 0
191.53846153846158 0.9748492 0
191.53846153846158 0.9745961999999999 0
191.53846153846158 0.97525465 0
191.53846153846158 0.97560716 0
191.53846153846158 0.9752715000000001 0
191.53846153846158 0.9754367 0
191.53846153846158 0.9755196 0
191.53846153846158 0.97543234 0
191.53846153846158 0.9754563 0
191.53846153846158 0.97508293 0
191.53846153846158 0.9757304 0
191.53846153846158 0.9752390999999999 0
191.53846153846158 0.9752879999999999 0
191.53846153846158 0.9753288 0
191.53846153846158 0.9751736999999999 0
191.53846153846158 0.9749082 0
191.53846153846158 0.9749783000000001 0
191.53846153846158 0.97482467 0
191.53846153846158 0.9752398000000001 0
191.53846153846158 0.97497624 0
191.53846153846158 0.9750761999999998 0
191.53846153846158 0.9750583 0
192.6923076923077 0.97391665 0
191.53846153846158 0.97579116 0
191.53846153846158 0.9760441999999999 0
191.53846153846158 0.9759939000000001 0
190.38461538461542 0.97671026 0
191.53846153846158 0.9763050999999999 0
191.53846153846158 0.97616595 0
191.53846153846158 0.9761820999999999 0
191.53846153846158 0.97600424 0
191.53846153846158 0.97605133 0
191.53846153846158 0.9760941999999999 0
191.53846153846158 0.97624296 0
191.53846153846158 0.9760568000000001 0
191.53846153846158 0.97626764 0
191.53846153846158 0.97635174 0
191.53846153846158 0.97621095 0
191.53846153846158 0.9761488000000001 0
191.53846153846158 0.9762200000000001 0
191.53846153846158 0.9763466000000001 0
191.53846153846158 0.97614175 0
191.53846153846158 0.9760030999999999 0
191.53846153846158 0.97602636 0
191.53846153846158 0.976158 0
191.53846153846158 0.9760118 0
191.53846153846158 0.97589797 0
192.6923076923077 0.9738408000000002 0
192.6923076923077 0.97425246 0
191.53846153846158 0.97633743 0
190.38461538461542 0.97738224 0
191.53846153846158 0.97641015 0
191.53846153846158 0.9758129000000001 0
191.53846153846158 0.97545344 0
191.53846153846158 0.9749565999999998 0
191.53846153846158 0.9745588 0
191.53846153846158 0.97537816 0
191.53846153846158 0.9750703000000002 0
191.53846153846158 0.9750426 0
191.53846153846158 0.97523063 0
191.53846153846158 0.97477925 0
191.53846153846158 0.9751501 0
191.53846153846158 0.97558314 0
191.53846153846158 0.97593623 0
191.53846153846158 0.97578603 0
191.53846153846158 0.9753644 0
191.53846153846158 0.97523165 0
191.53846153846158 0.9751188000000001 0
191.53846153846158 0.97535306 0
191.53846153846158 0.9754193000000001 0
191.53846153846158 0.9755068000000001 0
191.53846153846158 0.9754524 0
191.53846153846158 0.97532654 0
191.53846153846158 0.97541 0
192.6923076923077 0.97438055 0
192.6923076923077 0.97413266 0
192.6923076923077 0.9744187 0
191.53846153846158 0.9747893 0
191.53846153846158 0.9749271999999999 0
191.53846153846158 0.9751770000000001 0
191.53846153846158 0.97506636 0
191.53846153846158 0.9747995 0
191.53846153846158 0.9748219000000001 0
191.53846153846158 0.9745626000000001 0
191.53846153846158 0.9746912 0
191.53846153846158 0.97450465 0
191.53846153846158 0.9745653000000001 0
191.53846153846158 0.9745241 0
191.53846153846158 0.9745796999999998 0
191.53846153846158 0.9747225 0
191.53846153846158 0.97462 0
192.6923076923077 0.97444296 0
192.6923076923077 0.9743963 0
191.53846153846158 0.9744961 0
192.6923076923077 0.9742521999999999 0
192.6923076923077 0.97426015 0
192.6923076923077 0.9744118 0
192.6923076923077 0.97438884 0
192.6923076923077 0.9741865 0
192.6923076923077 0.9739013000000001 0
192.6923076923077 0.9739198 0
192.6923076923077 0.9738756 0
192.6923076923077 0.9740690999999999 0
192.6923076923077 0.9740440999999999 0
192.6923076923077 0.9739924000000001 0
192.6923076923077 0.9743601999999999 0
191.53846153846158 0.97459036 0
192.6923076923077 0.9744124 0
192.6923076923077 0.9743386999999999 0
191.53846153846158 0.97458965 0
191.53846153846158 0.97451824 0
192.6923076923077 0.9744771000000001 0
191.53846153846158 0.9747195 0
191.53846153846158 0.9745285 0
191.53846153846158 0.97462213 0
191.53846153846158 0.9744958 0
191.53846153846158 0.9746142 0
191.53846153846158 0.9746345 0
191.53846153846158 0.9746456 0
191.53846153846158 0.97481763 0
191.53846153846158 0.97487193 0
191.53846153846158 0.9747293 0
191.53846153846158 0.97468096 0
191.53846153846158 0.97463745 0
191.53846153846158 0.97469395 0
191.53846153846158 0.97458035 0
191.53846153846158 0.9745671 0
191.53846153846158 0.9745628000000001 0
191.53846153846158 0.97467095 0
191.53846153846158 0.9748428 0
191.53846153846158 0.9748971 0
191.53846153846158 0.97490793 0
191.53846153846158 0.97493035 0
191.53846153846158 0.97481143 0
191.53846153846158 0.97484255 0
191.53846153846158 0.9746986999999999 0
191.53846153846158 0.9748517 0
191.53846153846158 0.974766 0
191.53846153846158 0.97481835 0
191.53846153846158 0.9747857 0
191.53846153846158 0.9748087999999999 0
191.53846153846158 0.9746098 0
191.53846153846158 0.97472376 0
191.53846153846158 0.97447383 0
191.53846153846158 0.9746714 0
191.53846153846158 0.97468024 0
191.53846153846158 0.9747011999999999 0
191.53846153846158 0.9745069 0
191.53846153846158 0.9747263 0
191.53846153846158 0.97453314 0
191.53846153846158 0.97468436 0
191.53846153846158 0.9747421000000001 0
191.53846153846158 0.9748741 0
191.53846153846158 0.97481287 0
191.53846153846158 0.9747625 0
191.53846153846158 0.9747107 0
191.53846153846158 0.97463995 0
191.53846153846158 0.9744723 0
191.53846153846158 0.9746294 0
191.53846153846158 0.97469544 0
191.53846153846158 0.9747946 0
191.53846153846158 0.9746312 0
191.53846153846158 0.97453755 0
191.53846153846158 0.9745379000000001 0
191.53846153846158 0.9746908999999999 0
191.53846153846158 0.9746338 0
191.53846153846158 0.9745674999999999 0
192.6923076923077 0.97438455 0
191.53846153846158 0.9748667999999999 0
191.53846153846158 0.9748273000000001 0
191.53846153846158 0.9748546999999999 0
191.53846153846158 0.9745345 0
192.6923076923077 0.97440284 0
192.6923076923077 0.9741941999999999 0
192.6923076923077 0.9742293 0
192.6923076923077 0.97402406 0
192.6923076923077 0.9737316999999999 0
192.6923076923077 0.97326285 0
192.6923076923077 0.97322106 0
192.6923076923077 0.9730628000000001 0
192.6923076923077 0.9728863000000001 0
192.6923076923077 0.9728478000000002 0
192.6923076923077 0.97286624 0
192.6923076923077 0.97303796 0
192.6923076923077 0.97292656 0
192.6923076923077 0.97289914 0
192.6923076923077 0.9730478000000001 0
192.6923076923077 0.9731429 0
192.6923076923077 0.9732168999999999 0
192.6923076923077 0.9729489 0
192.6923076923077 0.97308886 0
192.6923076923077 0.97307384 0
192.6923076923077 0.97337824 0
192.6923076923077 0.97338146 0
192.6923076923077 0.97345066 0
192.6923076923077 0.9729135 0
192.6923076923077 0.97300345 0
192.6923076923077 0.97308403 0
192.6923076923077 0.97306144 0
192.6923076923077 0.9728754999999999 0
192.6923076923077 0.97310364 0
192.6923076923077 0.97321653 0
192.6923076923077 0.97317016 0
192.6923076923077 0.97305006 0
192.6923076923077 0.9728844999999999 0
192.6923076923077 0.97294295 0
192.6923076923077 0.97292465 0
192.6923076923077 0.97321534 0
192.6923076923077 0.9732274999999999 0
192.6923076923077 0.97324175 0
192.6923076923077 0.9731145 0
192.6923076923077 0.9730909 0
192.6923076923077 0.9732608 0
192.6923076923077 0.9733521999999999 0
192.6923076923077 0.97350854 0
192.6923076923077 0.9735347 0
192.6923076923077 0.97356975 0
192.6923076923077 0.97336143 0
192.6923076923077 0.9732607 0
192.6923076923077 0.9732344 0
192.6923076923077 0.97362906 0
192.6923076923077 0.97346324 0
192.6923076923077 0.97336304 0
192.6923076923077 0.97357035 0
192.6923076923077 0.9730004000000001 0
192.6923076923077 0.9722642 0
192.6923076923077 0.9727646999999999 0
192.6923076923077 0.97249436 0
192.6923076923077 0.9727055 0
192.6923076923077 0.97281104 0
192.6923076923077 0.9728832000000001 0
192.6923076923077 0.97286195 0
192.6923076923077 0.97293705 0
192.6923076923077 0.97290796 0
192.6923076923077 0.9728875 0
192.6923076923077 0.9728343 0
192.6923076923077 0.97298145 0
192.6923076923077 0.97302353 0
192.6923076923077 0.9730934000000001 0
192.6923076923077 0.9731259 0
192.6923076923077 0.97316045 0
192.6923076923077 0.9732579 0
192.6923076923077 0.9729189 0
192.6923076923077 0.97270185 0
192.6923076923077 0.9725600000000001 0
192.6923076923077 0.9725883 0
192.6923076923077 0.9729638 0
192.6923076923077 0.97280574 0
192.6923076923077 0.97266984 0
192.6923076923077 0.9725458 0
