355.38461538461536 223.84615384615384 1.0
350.7692307692308 225.0 1.0
343.0769230769231 225.0 1.0
335.38461538461536 225.0 1.0
332.3076923076923 222.69230769230768 1.0
332.3076923076923 216.92307692307693 1.0
332.3076923076923 216.92307692307693 1.0
332.3076923076923 219.23076923076923 1.0
330.7692307692308 219.23076923076923 1.0
329.2307692307692 218.07692307692307 1.0
329.2307692307692 215.76923076923077 1.0
329.2307692307692 213.46153846153845 1.0
329.2307692307692 215.76923076923077 1.0
330.7692307692308 216.92307692307693 1.0
329.2307692307692 216.92307692307693 1.0
324.61538461538464 216.92307692307693 1.0
324.61538461538464 216.92307692307693 1.0
321.53846153846155 216.92307692307693 1.0
320.0 219.23076923076923 1.0
318.46153846153845 223.84615384615384 1.0
320.0 223.84615384615384 1.0
320.0 228.46153846153845 1.0
323.0769230769231 234.23076923076923 1.0
323.0769230769231 240.0 1.0
320.0 249.23076923076923 1.0
320.0 253.84615384615384 1.0
320.0 256.15384615384613 1.0
320.0 256.15384615384613 1.0
323.0769230769231 258.46153846153845 1.0
323.0769230769231 260.7692307692308 1.0
323.0769230769231 261.9230769230769 1.0
323.0769230769231 263.0769230769231 1.0
323.0769230769231 263.0769230769231 1.0
323.0769230769231 263.0769230769231 1.0
316.9230769230769 267.6923076923077 1.0
315.38461538461536 273.46153846153845 1.0
312.3076923076923 275.7692307692308 1.0
310.7692307692308 279.2307692307692 1.0
310.7692307692308 276.9230769230769 1.0
309.2307692307692 274.61538461538464 1.0
309.2307692307692 274.61538461538464 1.0
309.2307692307692 273.46153846153845 1.0
309.2307692307692 268.84615384615387 1.0
309.2307692307692 267.6923076923077 1.0
307.6923076923077 267.6923076923077 1.0
306.15384615384613 267.6923076923077 1.0
303.0769230769231 263.0769230769231 1.0
300.0 258.46153846153845 1.0
298.46153846153845 255.0 1.0
298.46153846153845 252.69230769230768 1.0
298.46153846153845 250.3846153846154 1.0
298.46153846153845 244.6153846153846 1.0
298.46153846153845 243.46153846153845 1.0
300.0 242.30769230769232 1.0
300.0 240.0 1.0
298.46153846153845 243.46153846153845 1.0
298.46153846153845 244.6153846153846 1.0
298.46153846153845 244.6153846153846 1.0
293.84615384615387 249.23076923076923 1.0
293.84615384615387 250.3846153846154 1.0
293.84615384615387 252.69230769230768 1.0
292.3076923076923 256.15384615384613 1.0
292.3076923076923 258.46153846153845 1.0
292.3076923076923 258.46153846153845 1.0
292.3076923076923 255.0 1.0
292.3076923076923 255.0 1.0
292.3076923076923 259.61538461538464 1.0
289.2307692307692 261.9230769230769 1.0
293.84615384615387 261.9230769230769 1.0
293.84615384615387 264.2307692307692 1.0
292.3076923076923 266.53846153846155 1.0
289.2307692307692 271.15384615384613 1.0
290.7692307692308 271.15384615384613 1.0
289.2307692307692 273.46153846153845 1.0
289.2307692307692 272.3076923076923 1.0
290.7692307692308 267.6923076923077 1.0
293.84615384615387 265.38461538461536 1.0
298.46153846153845 265.38461538461536 1.0
300.0 270.0 1.0
293.84615384615387 274.61538461538464 1.0
293.84615384615387 278.0769230769231 1.0
292.3076923076923 281.53846153846155 1.0
290.7692307692308 282.6923076923077 1.0
290.7692307692308 293.0769230769231 1.0
290.7692307692308 298.84615384615387 1.0
290.7692307692308 298.84615384615387 1.0
293.84615384615387 298.84615384615387 1.0
296.9230769230769 301.15384615384613 1.0
295.38461538461536 301.15384615384613 1.0
295.38461538461536 295.38461538461536 1.0
295.38461538461536 295.38461538461536 1.0
292.3076923076923 290.7692307692308 1.0
292.3076923076923 287.3076923076923 1.0
292.3076923076923 282.6923076923077 1.0
295.38461538461536 282.6923076923077 1.0
295.38461538461536 281.53846153846155 1.0
293.84615384615387 274.61538461538464 1.0
293.84615384615387 272.3076923076923 1.0
293.84615384615387 265.38461538461536 1.0
292.3076923076923 258.46153846153845 1.0
292.3076923076923 252.69230769230768 1.0
290.7692307692308 248.07692307692307 1.0
289.2307692307692 246.92307692307693 1.0
292.3076923076923 244.6153846153846 1.0
295.38461538461536 242.30769230769232 1.0
295.38461538461536 237.69230769230768 1.0
295.38461538461536 231.92307692307693 1.0
293.84615384615387 229.6153846153846 1.0
293.84615384615387 225.0 1.0
293.84615384615387 218.07692307692307 1.0
292.3076923076923 214.6153846153846 1.0
292.3076923076923 210.0 1.0
292.3076923076923 198.46153846153845 1.0
295.38461538461536 195.0 1.0
293.84615384615387 188.07692307692307 1.0
290.7692307692308 181.15384615384616 1.0
296.9230769230769 181.15384615384616 1.0
301.53846153846155 177.69230769230768 1.0
301.53846153846155 173.07692307692307 1.0
303.0769230769231 169.6153846153846 1.0
307.6923076923077 163.84615384615384 1.0
307.6923076923077 161.53846153846155 1.0
307.6923076923077 158.07692307692307 1.0
310.7692307692308 153.46153846153845 1.0
316.9230769230769 153.46153846153845 1.0
316.9230769230769 148.84615384615384 1.0
316.9230769230769 144.23076923076923 1.0
316.9230769230769 143.07692307692307 1.0
323.0769230769231 141.92307692307693 1.0
327.6923076923077 137.30769230769232 1.0
329.2307692307692 132.69230769230768 1.0
326.15384615384613 129.23076923076923 1.0
326.15384615384613 129.23076923076923 1.0
329.2307692307692 128.07692307692307 1.0
333.84615384615387 125.76923076923077 1.0
340.0 121.15384615384616 1.0
341.53846153846155 125.76923076923077 1.0
349.2307692307692 129.23076923076923 1.0
355.38461538461536 135.0 1.0
363.0769230769231 141.92307692307693 1.0
380.0 148.84615384615384 1.0
378.46153846153845 151.15384615384616 1.0
381.53846153846155 159.23076923076923 1.0
384.61538461538464 166.15384615384616 1.0
386.15384615384613 170.76923076923077 1.0
386.15384615384613 176.53846153846155 1.0
392.3076923076923 180.0 1.0
392.3076923076923 185.76923076923077 1.0
390.7692307692308 196.15384615384616 1.0
387.6923076923077 200.76923076923077 1.0
380.0 206.53846153846155 1.0
375.38461538461536 215.76923076923077 1.0
372.3076923076923 220.3846153846154 1.0
366.15384615384613 228.46153846153845 1.0
363.0769230769231 242.30769230769232 1.0
360.0 242.30769230769232 1.0
358.46153846153845 245.76923076923077 1.0
358.46153846153845 248.07692307692307 1.0
353.84615384615387 250.3846153846154 1.0
352.3076923076923 252.69230769230768 1.0
346.15384615384613 250.3846153846154 1.0
341.53846153846155 250.3846153846154 1.0
338.46153846153845 250.3846153846154 1.0
327.6923076923077 248.07692307692307 1.0
315.38461538461536 238.84615384615384 1.0
303.0769230769231 230.76923076923077 1.0
292.3076923076923 226.15384615384616 1.0
283.0769230769231 221.53846153846155 1.0
272.3076923076923 220.3846153846154 1.0
264.61538461538464 212.30769230769232 1.0
253.84615384615384 204.23076923076923 1.0
247.69230769230768 193.84615384615384 1.0
238.46153846153845 185.76923076923077 1.0
235.3846153846154 184.6153846153846 1.0
233.84615384615384 183.46153846153845 1.0
235.3846153846154 183.46153846153845 1.0
235.3846153846154 182.30769230769232 1.0
233.84615384615384 178.84615384615384 1.0
230.76923076923077 183.46153846153845 1.0
230.76923076923077 183.46153846153845 1.0
230.76923076923077 183.46153846153845 1.0
232.30769230769232 188.07692307692307 1.0
233.84615384615384 195.0 1.0
233.84615384615384 195.0 1.0
233.84615384615384 197.30769230769232 1.0
233.84615384615384 203.07692307692307 1.0
233.84615384615384 205.3846153846154 1.0
229.23076923076923 210.0 1.0
233.84615384615384 214.6153846153846 1.0
243.07692307692307 213.46153846153845 1.0
243.07692307692307 213.46153846153845 1.0
240.0 214.6153846153846 1.0
240.0 211.15384615384616 1.0
240.0 210.0 1.0
235.3846153846154 210.0 1.0
236.92307692307693 208.84615384615384 1.0
238.46153846153845 206.53846153846155 1.0
238.46153846153845 206.53846153846155 1.0
240.0 207.69230769230768 1.0
241.53846153846155 207.69230769230768 1.0
244.6153846153846 207.69230769230768 1.0
247.69230769230768 196.15384615384616 1.0
249.23076923076923 190.3846153846154 1.0
253.84615384615384 185.76923076923077 1.0
255.3846153846154 183.46153846153845 1.0
256.9230769230769 175.3846153846154 1.0
269.2307692307692 173.07692307692307 1.0
272.3076923076923 170.76923076923077 1.0
281.53846153846155 167.30769230769232 1.0
286.15384615384613 167.30769230769232 1.0
293.84615384615387 156.92307692307693 1.0
298.46153846153845 154.6153846153846 1.0
306.15384615384613 156.92307692307693 1.0
313.84615384615387 159.23076923076923 1.0
326.15384615384613 162.69230769230768 1.0
338.46153846153845 166.15384615384616 1.0
347.6923076923077 167.30769230769232 1.0
352.3076923076923 167.30769230769232 1.0
352.3076923076923 168.46153846153845 1.0
347.6923076923077 168.46153846153845 1.0
349.2307692307692 170.76923076923077 1.0
352.3076923076923 171.92307692307693 1.0
355.38461538461536 171.92307692307693 1.0
358.46153846153845 169.6153846153846 1.0
361.53846153846155 162.69230769230768 1.0
361.53846153846155 152.30769230769232 1.0
361.53846153846155 147.69230769230768 1.0
358.46153846153845 143.07692307692307 1.0
356.9230769230769 138.46153846153845 1.0
353.84615384615387 138.46153846153845 1.0
352.3076923076923 141.92307692307693 1.0
353.84615384615387 146.53846153846155 1.0
353.84615384615387 151.15384615384616 1.0
347.6923076923077 154.6153846153846 1.0
336.9230769230769 162.69230769230768 1.0
329.2307692307692 165.0 1.0
320.0 170.76923076923077 1.0
313.84615384615387 170.76923076923077 1.0
307.6923076923077 170.76923076923077 1.0
307.6923076923077 170.76923076923077 1.0
303.0769230769231 169.6153846153846 1.0
303.0769230769231 180.0 1.0
300.0 195.0 1.0
300.0 220.3846153846154 1.0
298.46153846153845 243.46153846153845 1.0
296.9230769230769 261.9230769230769 1.0
296.9230769230769 268.84615384615387 1.0
298.46153846153845 280.38461538461536 1.0
300.0 289.61538461538464 1.0
306.15384615384613 295.38461538461536 1.0
303.0769230769231 306.9230769230769 1.0
303.0769230769231 319.61538461538464 1.0
306.15384615384613 328.84615384615387 1.0
309.2307692307692 331.15384615384613 1.0
313.84615384615387 334.61538461538464 1.0
327.6923076923077 338.0769230769231 1.0
332.3076923076923 340.38461538461536 1.0
340.0 340.38461538461536 1.0
346.15384615384613 342.6923076923077 1.0
350.7692307692308 338.0769230769231 1.0
353.84615384615387 333.46153846153845 1.0
358.46153846153845 328.84615384615387 1.0
361.53846153846155 326.53846153846155 1.0
372.3076923076923 323.0769230769231 1.0
384.61538461538464 315.0 1.0
392.3076923076923 301.15384615384613 1.0
398.46153846153845 293.0769230769231 1.0
406.15384615384613 288.46153846153845 1.0
413.84615384615387 283.84615384615387 1.0
421.53846153846155 280.38461538461536 1.0
427.6923076923077 275.7692307692308 1.0
427.6923076923077 266.53846153846155 1.0
427.6923076923077 267.6923076923077 1.0
433.84615384615387 270.0 1.0
432.3076923076923 267.6923076923077 1.0
427.6923076923077 260.7692307692308 1.0
423.0769230769231 257.3076923076923 1.0
418.46153846153845 246.92307692307693 1.0
409.2307692307692 237.69230769230768 1.0
398.46153846153845 223.84615384615384 1.0
389.2307692307692 214.6153846153846 1.0
376.9230769230769 211.15384615384616 1.0
366.15384615384613 204.23076923076923 1.0
361.53846153846155 199.6153846153846 1.0
358.46153846153845 195.0 1.0
363.0769230769231 199.6153846153846 1.0
369.2307692307692 196.15384615384616 1.0
370.7692307692308 196.15384615384616 1.0
370.7692307692308 196.15384615384616 1.0
363.0769230769231 197.30769230769232 1.0
356.9230769230769 197.30769230769232 1.0
352.3076923076923 197.30769230769232 1.0
